 [1] 0.9537567 0.4806063 0.5712028 0.2780369 0.5231699 0.8306076 0.6100964
 [8] 0.4603718 0.2204686 0.4030709 0.3967077 0.2820975 0.5475826 0.4969312
[15] 0.7851138 0.3379739 0.7441436 0.9734839 0.7439216 0.2711410 0.7598170
[22] 0.2000554 0.6392504 0.2514591 0.4241124 0.3456456 0.4347247 0.4307891
[29] 0.6524258 0.5081901 0.5459392 0.5446394 0.7563659 0.6890563 0.6195961
[36] 1.0708798 0.3020143 0.6157990 0.5451637 0.9257862 0.3589320 0.4462151
[43] 0.2763736 0.7625905 0.6834804 0.5777634 0.4282110 0.3766970 0.5631446
[50] 0.6958793 0.2388591 0.7555812 0.5471722 0.6387449 0.6013071 0.5428908
[57] 0.5059987 0.8229587 0.6868060 0.6050535 0.4999246 0.4112407 0.9553359
[64] 0.4558284 0.4421817 0.5393247 0.6797989 0.5484254 0.9258251 0.7521217
[71] 0.4791900 0.1384000 0.7226801 0.5631113
