[[1]]
 [1] 1 1 0 1 1 1 0 1 1 1 1 1 1 1 0 0 1 0 1 1 1 1 1 1 1 1 1 1 1 1 1 1

[[2]]
 [1]  0  1  0  1  1  0  0  0  0  0  0  1  0  0  0  1  0 -1  0 -1  1  0  0  0  0  0  0  1  0  0  0  1  0  0  0  0  0  0  0  0  0  0  0  1  0  0  0  1

[[3]]
 [1]  1  0  1  0 -1  0  0  0  0 -1 -1  1 -1  1 -1  1  0  1  0  0 -1 -1  1 -1  1 -1  1  1  0  1  0  1 -1  1 -1  1

[[4]]
 [1]  0  1  1  1  0  1 -1  0  1  0  0  1  0  0  1  1 -1  0  0  0  1  1  0  1  0  0  1  0  0  0  1  1  0  1

[[5]]
 [1]  0 -1  1 -1  0  0  0  0  1  0  0  0  0 -1 -1  1  0  0  0  0  1  0  0  0  0  1  0  0 -1 -1  1  0  0  1 -1  1  0  0  0  0  1

[[6]]
 [1]  0  0  0 -1  1  0  0  0  1  0  0 -1  0  1  0 -1 -1  0  0  0  0  0  0  0  1  0  0 -1  0  0  0  0  0  1  0  0 -1  0  0

[[7]]
 [1]  0  0  0  0  0  0  0  0  1  0 -1  0  1  0 -1  0 -1  0  0  0  0  0  0  0  0  0  0  1  0 -1  0  0  1  0 -1  0  0

[[8]]
 [1] -1  0  0  1  1  1  1  1  0  1  0  0  0 -1  1  0  0  0  0 -1 -1  1  1  1  1  0  0  0  1  1  0  0 -1 -1  0  1  0  1  0  0  0 -1  0  0  1  1  1  1  0  0 -1

[[9]]
 [1] -1  0  0  1  1  1  1  0  0 -1  1  0  0  0  0 -1 -1  1  1  0  1  0  0 -1  0  1  1  0  0 -1  0  1  0  1  1  0  1 -1

[[10]]
 [1] -1  0 -1  0  0  1  1  0  1  1  0  0  0  0 -1  1  0  0  0  1  1  0  1  0 -1  0  0  0  1  0  1  0

[[11]]
 [1]  0  0  0  0  1  0  1  0 -1 -1 -1  0  0  1  1  0  0  0  0  0  1  0  1 -1  1  0  1  0  1  1  0  0  0  0  1  1  1  1  1  1  0  0  0  0

[[12]]
 [1]  1  0  0 -1  0  0  1  1  1  0  1  1  1  1 -1  0 -1  0 -1  0 -1  1  1  0  0  0  1  0  1  1  1  1 -1  0 -1  0  0 -1  0 -1  0 -1  0  1  0  0 -1

[[13]]
 [1]  1  0  0 -1  0  0  1  1  1  0  1  1  1  1 -1  0 -1  0 -1  0 -1  1  1  0  0  0  1  0  1  1  1  1 -1  0 -1  0  0  0  0  0  0  1  1 -1  0 -1  0 -1 -1

[[14]]
 [1]  0  0  1  1  0  1  1  0  1  0  0  0  0 -1  1  0  1  0  1  0  0  0  0  0  0  0  1  0  0  1  1 -1  1  1  0  0 -1  1  1  0  1  0  1  0  0  0  0  0  0  0  0  1  1  1  1  0
[57]  1  1  1  0  0  1  0  0  0  0  0  0  1  0

[[15]]
 [1]  1  1  1  1  1  0  1 -1  1 -1  0  0  0  0  0  0  1  1  1  1  0  1 -1  1 -1  0  1  1  0  1  1  1 -1  1 -1  0  0  0

[[16]]
 [1]  0  0  1 -1  0  0  0 -1  0  0 -1 -1 -1  0 -1 -1 -1  0  0  1  0  0  0 -1  0  0 -1 -1 -1  0 -1 -1 -1  0  1  0  1  1 -1 -1 -1  0 -1 -1 -1  0  0  1

[[17]]
 [1]  0  0 -1  0  0  0  0  0  0  1 -1  1 -1 -1  0  0  0  0  0  1  1  1  1

[[18]]
 [1] -1  1  0 -1  1  0  1  0  1 -1  0  0  0  1  1  1  1  0  1  1  0  0  1  0

[[19]]
 [1]  0  0  1  0  0  0 -1  1  1  1  1  0  0 -1  0  0 -1  0  1  1  0  1  0  1  1  1  0  0 -1  0  0 -1  0  0  1 -1  1  0  1 -1  1  0 -1  0  0 -1  0

[[20]]
 [1]  1  0  1  1 -1  1  0  0  1  1  1  0  1  1  0  0  0  1  0  1  0  0  0  1  1  1  0  1  1  0  0  1  1  0  0  1  1  1  0  1  1  0

[[21]]
 [1] -1  0  0  1  0  0  0  0  1  0  1  1  1  0  1  0  0  0  1  1

[[22]]
 [1]  0  0  0  0  0  1  0  1  1  1  1  0  1 -1  1 -1  0  0  0  0  0  0  1  1  1  1  0  1 -1  1 -1  0  1  1  0  1  1  1 -1  1 -1  0  0  0

[[23]]
 [1]  0  0  1  1  1  1 -1  0  1  0  1  0  0  0  0  1  0  0  1  0  1 -1  0  1  0  1  0  0  0  0  1  1  1  0  0  0  0  0  0  1  0  0  0  0  1

[[24]]
 [1]  1  0  0  0  0  0  0  1  0 -1 -1  1  0  0  0  0  0  0  0  0 -1  0  0  0  0  0  1  0 -1 -1  1  0  0  0  0  0  0  0  0  1  0  1  1  0  1  0  0  0  1  0  0  0  0  0  0  0
[57]  0  0  0  1  0  0  0  1  0  0

[[25]]
 [1]  1  1  1 -1  1  0  0  0  0  0  0  0  0 -1  1  0  0  1  0  0  0  0  0  0  0  0 -1 -1  0 -1  1  1  1  0  0  0  1  0  0  0  0

[[26]]
 [1] -1  1  0  1  0 -1  0  0 -1  0  0  0  0  1  1  0  1  0 -1  0  0 -1  0  0  0  0  0  0  0  0  0 -1  0  0  0  0 -1  0  0  0  0

[[27]]
 [1]  1 -1 -1  0  0  0  1 -1  0  0  0  0  0  1 -1  0  1  1

[[28]]
 [1]  1  1  1  0  0  1  0  0  0  1  0  0  0  0  0  1  1  1  0  0  0  0  0  0  0  0  0  1  0 -1  1  0  0  0  0  1  1  1  0  0  0  0  0 -1  0  1  1  1  0  0  0  0  0  0  0  0
[57]  0

[[29]]
 [1]  0  1  1  0  0  1  0  0  1  1  0  0  0  0  0  0  1 -1  1 -1  1 -1  1  0  0  1  0  0  0 -1  0  0  0  0  1  1 -1  1 -1  1  0  0  0  1  0  0  1  0  1  1  0  1  1  1  1  0
[57]  1  0  1  0  0  0  1  0  1

[[30]]
 [1]  0  1  0  0  1  1  0  0  0  1  1  0  0  1  0 -1  0  1  1  0  0  0  1  1  0  0  0  0  0 -1  0  0 -1  0  0 -1  0  0  0  1  0  0  1  1  0  0  1  1  1  1  1  1

[[31]]
 [1]  1  1  0  0  1  0  1  1  0 -1  0  1  0  0  0 -1  0  1  1  1  0  1  0  1  1  0 -1  0  1  0  0  0 -1  0 -1  1 -1  1  1  1  1  1 -1  0  1  0  0  0 -1

[[32]]
[1] 1

