[[1]]
 [1]  1  0  1  1  1  0  1  0  0  1  1  1  1  1  1  1  1  1  1  1  1 -1  1  0  0  0  1  1  0  1  1  1  1  1  1  1  1  1  0  0  1  0  0  0  0  1  0  0  1  1  1  1  1  1  1  0
[57]  1  1  1  1 -1  1  0  0  0  1  1

[[2]]
 [1]  0  0  1 -1  1  0  0  0 -1  0  0  0  1  0 -1  1  1  1  0  1  0  0  0  0  0  0  0  1  1  0  0  0  0  0  0  0

[[3]]
 [1]  0  0  0  1  0  0 -1  1  0  0  1  0  0 -1  0  1  0  1  0  1  1  0  0  1  0  0  1  1  0  0  1  0  0 -1  0  1  0  1  0  1  0  0  1  1  0  0  1  0  0 -1  0  1  0  1  0  1

[[4]]
 [1]  0  1 -1  0  0  0  0  1  0 -1  1  0  0  0  1  1 -1  0  1  1  0  1  1  1  1  1

[[5]]
 [1]  0  0 -1  1  1  0  0 -1 -1 -1  0  1  0  0 -1  1 -1 -1  1  1  0  0  0  1

[[6]]
 [1]  0  0 -1  0  0  0  0  1  0  0  1  0  0  0  0 -1 -1 -1  0  0  0  0  0  1  0  0  0  0  0  0  0  0  0  0  0  1  0  0  0  0  0  0  0  0  0  0  0  0

[[7]]
 [1]  0  1  0 -1  0  1  1  0  0  1  1  0  1 -1  0  1  0 -1  0  1  1  0  1  1  0  1  1  0  1 -1  0  1  0 -1  1  0  0  1

[[8]]
 [1]  0  0  0  0  0  1  1  1 -1  0  0  1  1  1  1 -1  1  0  0  0  1  1  0  0  1  0  0  0  0  0  0  0  1  1  1 -1  0  0  0  1  1 -1  1  0  0  0  1  1  0  0  1  1  1  1  1  1
[57]  1  1  1  0  0  0  0  0  0  1  1 -1  1  0  0  0  1

[[9]]
 [1] -1  0  0  0  0  1  0  1  0  0 -1  0  0  0  0  1  0  1  1  1  1  1  0  0  0  0  1  0  0  0  0  0 -1  0  0  0  0  1  0  1  1  1  1 -1  1  0  0 -1  1  0  0  1  1

[[10]]
 [1]  1  0  0  0  0  1  0  1  0  1  1  1  1  1  1  0  0  0  0  0 -1  1  0  1  0  1  0  1  0  1  1  1  1  1  1  1  1  1  1  1  1  1  1  1  1  1  1  1  1  1  0  1 -1  0  0  0
[57]  0  1  0 -1  1  0 -1  0  1  1 -1  0  1  1  0  1  1  1  1

[[11]]
 [1]  1  0 -1  0  0  0  0  1  0  1  0  1  1  1  1  1  1  0  0  0  0  0 -1  1  0  1  0  1  0  1  0  1  1  1  1  1  1  1  1  1  1  1  1  1  1  1  1  1  1  1  1  1  0  1 -1  0
[57]  0  0  0  1  0 -1  1  0 -1  0  1  1 -1  0  1  1  0  1  1  1  1

[[12]]
  [1]  0  0  1  1  0  0  1  0 -1 -1  0  1  0  1  0  0  1  0  1  1  1  1  0  1  1  1  1  1  0  0  0  1  1  0 -1  1  0 -1  0  0  0  1  0  0  0 -1  1  0 -1  1  0 -1  0  1 -1  1
 [57]  0  0  1  1  0 -1  0  0 -1  0  1  1  1  1  1  0 -1  1  0 -1  0  0  1  1 -1 -1  1  1 -1 -1  1 -1 -1  0 -1  0 -1  1  1  1  1 -1  1  0 -1  1  0 -1  0  0 -1  1  0 -1  0  0

[[13]]
 [1]  1  0  0 -1  1  0  1  0 -1  0  0  1  0  1  1  0  1  0  0  1  1  0  0  0  0  0  0  0  1  1  0  1 -1  1  0  1  0  1  1  0  1  0  0  1  1  0  0  0 -1  1  0  1  1  1  0  0
[57]  1  1  0  1  0  0  1  1  0

[[14]]
 [1]  0  0  0  0  0  0 -1  0 -1 -1  0 -1  1  1 -1 -1  1 -1  1  0 -1 -1  1  1  0 -1  0 -1  1  1 -1 -1  1 -1  1  0  0  0 -1  1  0  0  0  0  0  1 -1  1  0  0  0  1 -1  1  0

[[15]]
 [1]  0  0 -1 -1  0 -1 -1 -1  1  0  1  0  1  1  1  1 -1 -1  1  0  1  1  1  0 -1 -1 -1 -1  1  0  1  0  1  1  1  0  1

[[16]]
 [1]  0 -1  0  0  1  1 -1  1  1  1  0  0 -1  0  1  1 -1  1  1  1  0 -1  0  0  0 -1  1  1  0  0

[[17]]
 [1] -1  1  1 -1  0 -1  0  0  0 -1  0  1  1 -1  0 -1  0  1  1  1  1 -1  0 -1  0

[[18]]
 [1]  1  1  1  1  0  1  0  1  1  0 -1  1 -1  1  1  1  1  1  1 -1  1  1  0  0 -1  1  1  1 -1  1  1  1  1  1  1

[[19]]
 [1]  1  1  1  0  1  0  1  1  0 -1  0 -1  1  1  1  1  1  1 -1  1  1  0  0 -1  1  1  1  1 -1  1  1  1  1  1  1

[[20]]
 [1] -1  0 -1  1  0 -1 -1  1 -1  0  1  0  1  0  0  0  0  1  1  1  1  0  1  1  0  1  0  1 -1  1  0  0  1  0  0  0  0  0  0  0  0  0 -1  0  0  1  0  0  0  0

[[21]]
 [1]  0  1  0  1  0  1  0  0  0 -1  1  0  1 -1  1  0 -1  0 -1  1  0  1  0  0 -1  1 -1  1 -1  1  1  1  1  1  0 -1  1  0  1  0  1

[[22]]
 [1]  0  1  1  1  1  1  1  1  0  1 -1  0  1  1  0  1  0  1  1  0  1 -1  0  0  1  1  1  0  0  1  0  0  0  0 -1  0  0  0  0  0  0  0  1  1  0  0 -1  1 -1  1 -1  0  0  0  0  1
[57]  1  1  0  0  1  0  1  0  1 -1 -1  1  1  0  1  1  0 -1  0  1  0  1  0  1  1  0 -1  0  1  0

[[23]]
 [1]  0  0  0  1 -1  0  1  0  0  1  0  0  0  1  1  0  0  0  0  0  0  1  0  0  0  0  0  1  0  0  0  1  1  1  1  1  0  0  0  0  1  1  1  1

[[24]]
 [1]  1  0  0 -1  0  1  1 -1  0 -1  1  1 -1 -1  1  0  1 -1  0  0  0  0  0  1  0  0  1 -1  1  0  0  0 -1  0  1  0  1  0  0  1  0  1  1  0 -1  0 -1  0 -1 -1  0  0  1  0  0  0
[57]  1  1  0  1  1  0  0 -1  0  1

[[25]]
 [1]  0  0  1  0  0  0  0 -1  1  1  1 -1  1  1  1  0  0  1 -1  0  0  0  1  1 -1  0 -1  0  0  0  0  0  1  1  1  1

[[26]]
 [1]  0  0  0  1  1 -1 -1  1  0  0  0  1 -1  0  0  0  0  1  0  0  1  1  0  1 -1  0  0  0  0  1  1  0  0

[[27]]
 [1]  0  0  0  0 -1  1  1  1 -1  1  1 -1  0  0  0  1  0  1  0  1  1  0 -1  1  0 -1  0  0  1 -1  0  0  1  0  1  1 -1  0  1  0  1  1 -1 -1 -1  1  0  0  1  1  0  0 -1 -1 -1 -1
[57] -1

[[28]]
 [1]  0 -1  1  1  0  1  0  0  0  0  0  0  0  0  0  0  1  1  1  1  0  0  0  0  0  0  0  0  0  0  0  0  0  1  0  1  0 -1  0  1  0  0  0  0  0  0  0  0

[[29]]
 [1]  0  1  0  1 -1  0  0  0  1  1 -1  0  0 -1  0  0 -1  0 -1  0  0  0 -1  0  0  0  1  1 -1  1 -1 -1  0  1 -1  1 -1  0 -1  0  0  0 -1  0 -1  0  0  0

[[30]]
 [1]  1  0  0  0  0 -1  0  0 -1  1  1  1  0 -1 -1  0  1  1  0  0  0 -1 -1 -1  1  1  1  0 -1  0 -1  0  1  1  0  0  0  0  0  0  0  0  0  0  0  0  0 -1  0 -1  0 -1  0 -1  0 -1
[57]  0 -1  0 -1  0 -1  0 -1  0 -1  0 -1  0 -1

[[31]]
 [1] -1  0  0 -1  0 -1  0  1  0  0  0  0  0 -1  1 -1  1  0  1  0  0  0  0  0  0  1 -1 -1  1  0  0  0  1  0  0  0

[[32]]
 [1]  0  0  0  1  1  1 -1  1 -1  0  0  0  1  1  1  1 -1  0  0  0 -1  0  0  0  0  0  0  1  1  1  1 -1  0  0  0 -1  1  0 -1 -1  0  0

[[33]]
 [1] -1  1  0  0 -1 -1  1  1  1  1  0 -1  1 -1 -1 -1  1  1  1  1  0  1  1  1  0

[[34]]
 [1] -1  0  0  1  1  1  0  0  1  1  1  0  1  1  1  0

[[35]]
 [1]  1  0 -1  0  0  0  0  0  1  1  0  0  1  0  0 -1  0  0  0  0  1  1  1  0  0  1  1  0  1  0 -1  0  0  0  0  1  0  1 -1  0  0

[[36]]
[1]  0  1 -1  0  0

[[37]]
 [1]  0  0 -1  0  1  0 -1  0  0 -1  0  1  1  0  1 -1  1  0 -1  0  0 -1  0  1 -1 -1  1  1  1  1  1  1  0  0  0  1 -1  0  1  1  1  0  0  1

[[38]]
  [1] -1  0 -1  0  1  0  0  1  0  1  0  0  0  1 -1  0  0  0  1  0 -1  1 -1  0  0 -1  1  0  0  0  0  0  0  0  0  1  0  0  0  0  0  0  0  0  0  1  0  0  1 -1  0 -1 -1 -1  0  1
 [57]  0  0  0  0  0  0  0  0  0  0  0  1  0  0  0  0  0  0  0  0  0  0  1  0  0  1 -1  0  0  0  0  0  0  0  0  0  0  0  1  0  0  1  0  0  0  0  0  0  0  0  0  1  0  0

[[39]]
 [1]  0  0  0  0 -1  0  0 -1  0  0  0  0 -1  0  1  1 -1  1  0  1  0 -1  0  0 -1  0  0  0 -1  0  1  1 -1  0  0 -1  0 -1  0 -1  0  1  1  1  1

[[40]]
 [1]  0  0  1  0  0  0  0  0  1  0  0  0  0  0  0  0  1  0  0  1  0  0 -1  0  0  1  0  0  1  0  0  0  0  0  0  0  1  0  0  1  0 -1  0 -1  0 -1  0 -1  0  0  1  0  0  1  0

[[41]]
 [1]  0  1 -1  1  0  0  0  1 -1  0  0 -1  1 -1  0  0  0  0  0  0  0  0  0  0  0  1  0  1  0  1 -1  1  1 -1  0  0  1  1  0  0  0  0  0  0  0  0  1  1  0  0  1 -1  0  0 -1  0
[57]  1  1  0  0  0  0  1  0  1 -1  0  0  0  0  1  0  0  0  0  0  0  0  0

[[42]]
 [1] -1  1  0  0  1  1  0  1 -1  0  0  0  0  0 -1  0  1 -1  0  1  0  1  0  1  1  0  1  0  0  0  1 -1  0  0  1  0  0  1  1  0  1  0  1  0  1  0  0  0  0  1 -1  1  0  1  0  1
[57]  0  1  0

[[43]]
 [1]  0  0  1  0  0  0 -1  1  0  1  1 -1  0  1  1  1  1  0  1  0  0  1  1 -1  0  0 -1  0  0  0  0  0  0  0  0  1  0  1  1  0  1  0  0

[[44]]
 [1]  0  1 -1  0  0  0 -1 -1  1  0  1 -1  0  0 -1  0  1  1 -1  0 -1  1 -1  0  0 -1  0  1  1 -1  1 -1  1 -1 -1  0 -1  0 -1  0  1 -1  0  0 -1

[[45]]
 [1]  0  0  0 -1  0  0 -1  0  1  1  1  1  0  0  0  0  0  1 -1  0 -1  0  1  1  1  1  0  0  0  0  1  1  0  1  1  1  1  1  0  0  1  1  1  1  0  0

[[46]]
 [1]  0 -1 -1 -1  0  0 -1  1  1  0  0  0  0  0  1 -1  1  0  0 -1  1  1  0  0  0  0  1  1 -1  1  1  0  0  0  0 -1  1  1  0

[[47]]
 [1]  0  0  1  0  0 -1  1  0  0  0  1  0  1  0 -1  0  0  0  0  1  1  1  0  0  0  1  0  1  0 -1  0  1 -1  1 -1  1  0  0  1  0  1  0 -1  0  0  1  0  1  0 -1  0 -1  0

[[48]]
 [1]  1  0  0  1  0  1 -1  1  1  0  0  1  0  0  1  1  1  0  1  0  1  1  1  0  1  0  0  1  1  0  0  0  1  0 -1 -1  0  0  0  1  0  0  1  1  0  0  0

[[49]]
 [1]  1  0  0  0  0 -1  0  0 -1  0  0  0  0  0  0  1  0  0  1 -1  1  0  0 -1  0  0  0  0  0  0  1  1  0  1  0 -1  0  0  0  0  0

[[50]]
 [1] -1  0  1  0  0  1  1 -1  1  1  0  0  0  0  1  1  1  1  1  1 -1  1  0  1  1  1 -1  1  1  0  0  0  0  1  1  1  1  1  1 -1  1  1  0  0  0  0  1  1  1  1  1

[[51]]
 [1]  0  0  0  0  0  1  1  1 -1  0  0  1  0  1  0  0  1  0  0 -1 -1  1  1 -1  0  0  1  0  1  0 -1  0  0 -1  1 -1  0  1  0  1  0

[[52]]
 [1]  1  0  1  1  1  0  1  1  1  1 -1  0  0  1  1  1  1 -1  1  0  0  0  1  1  1  1  0  1  0  1  0  1  1 -1  1  0  1  0  0 -1  1  1  1  1  0  1  1 -1  1  0  0  0  1  1  1  1
[57]  0  1  1  0  1  0  1  0  1  0  1  1 -1  1  0  0  0  1  1  1  1  1  1  1  0  1

[[53]]
 [1]  1  0  1  1  1  0  1  1  1  1 -1  0  0  1  1  1  1 -1  1  0  0  0  1  1  1  1  0  1  0  0  1  0  0  0  0  1  1  1  1 -1  0  0  1  1  1  1 -1  1  0  0  0  1  1  1  1  0
[57]  1  1  1  1  1  1  1  1  1  1  1 -1  1  0  0  0  1  1  1  1  1  1  1  1  1  1  0  1

[[54]]
 [1] -1  0 -1  0  1  0  0  0 -1  0 -1  0  1  0  0  0  1  1  1  1  0  1  0  0  0  1  0  0  0  1  0  0  0

[[55]]
 [1]  1 -1  0  1  1  0  1  1  1  1  0 -1  1  1  1 -1  0  0  1  1  1  1  1  0  1  1  1  1  0  1 -1  0 -1  0  0  1  0 -1  0  0  1  1  1  1

[[56]]
 [1] -1  1  0  0  1  1  0  1  1  1  0 -1  0  1  1 -1  0 -1 -1  0 -1 -1  1  0 -1  0  0  1  1  0 -1  1  0  0  0  0 -1 -1  0 -1  0 -1 -1  0 -1 -1  0  0 -1 -1 -1  0  1  0 -1  0
[57]  0 -1 -1 -1  0  0  1  0 -1 -1  0 -1 -1  0

[[57]]
 [1] -1  1 -1  0  0 -1  1  0  1  0  1  1  1  0  0  0  0  0 -1  1  0  1  0  1  1  1  0  0

[[58]]
 [1]  0  0  0  0  0 -1 -1  0  0  1  0  0  1  0  0 -1  0  0 -1  0  1  0  0 -1  0  0

[[59]]
 [1]  1  0 -1  0  0 -1  1  1  0 -1  0 -1  0  1  0

[[60]]
 [1]  1  0  0  0 -1  1  1  1 -1  0  0  0  0  0  0  0 -1  1  1  1 -1  0  0  0

[[61]]
 [1] -1 -1  0  0  1  0  0  1 -1  0  0  1  0  1 -1  0  0  1 -1  0  0  1  1  0 -1  0  1 -1 -1 -1  0  0  0  0  1  0  1 -1  0  0  1 -1  0  0  1  1  1  0 -1  0  0  1 -1  0  1  1
[57]  1  0  0  1 -1  0  0  1  1

[[62]]
 [1]  0  0 -1  0  0  0  0  0  1  0  1  0 -1  1 -1  1  0 -1  0  0  0  0  1  0  1  0 -1  1 -1  0  1  0  0  1  1  0 -1  1 -1 -1 -1

[[63]]
 [1]  0  0  0  1  0  0  1  1 -1  1  1  0  1  1  1  1  0  0  0  0 -1  1  1  1  1  1  1  1  1 -1  1  1

[[64]]
 [1] -1  1  0 -1  0 -1  0  0  0 -1  0  0  1  0  0  0  0  0  0  0 -1  0  0  1  1  1  1  0  1  0  0  0  0  0 -1  0  0  0

[[65]]
 [1] -1  1  1  0 -1  0 -1  0  0  0 -1  0  0  1  0  0  0  0  0  0  0 -1  0  0  0  1  1  1  1  0  1  0  0  0  0 -1  0  0  0

[[66]]
 [1]  0 -1  1  1  1  1 -1  1  1  0  0  0  0  0  0  0  0  0  0  1  1  0  1  0  1  1  0  0  0  0  0  0  1  0  0  0  1  0 -1  0  0  0  1  0  0  0  0  0  0  0  0  0  0  0  0  0
[57]  0  0  0  0  0  0  0  0  0  0  0

[[67]]
 [1]  1  1  1  1  1 -1 -1  1  0  1  0  1  0  0 -1  1  0 -1  1  1  0  1 -1  0  1  0  1  0  0 -1  1  0  1  0  1 -1  1  1  1

[[68]]
 [1] -1 -1  0 -1 -1  0  0 -1  0 -1 -1  1  1 -1 -1  0  1 -1  1  1 -1  0 -1  0  0  0 -1  0 -1 -1  1  1 -1 -1  0  1 -1  1  1  0  1  1  0  0  0 -1  0 -1 -1  1  0 -1 -1  0  1 -1
[57]  1  1  1  0

[[69]]
 [1]  0  1  0  0  0 -1  0  0  0 -1  0  0 -1

[[70]]
 [1]  0  0  0  1  0 -1 -1  1  1  1  0  1  1  1  1  0  1  1  1  1  0  1  0 -1 -1  1  1  1  0  1  1  1

[[71]]
 [1]  0  1  1  1  1  0  0 -1 -1  0  0  0  0  0 -1  0  0  1  0  0  1  0  1 -1 -1  0  0  0  0  1  0  0  1  0  1  1  0  0  0  0  1  0  0  1  0  1

[[72]]
 [1]  0  0  0 -1  1 -1  0  0  1  1  1  0 -1  0  0 -1  1  0  1  1  1  0  1  1  1  1  1  0  1  0  1  0  1 -1  1 -1 -1  0  0  0  0  1  0  1  0 -1  0  0 -1  1  0  1  1  1  0  1
[57]  1  1  1  1  0  1  0  0  0 -1  0  0  0 -1

[[73]]
 [1]  1 -1  0 -1  0  1  0  0  1  0  1  1  1  0  0  0  1  0  1  0  1  1  1  1  1  0  1  0  1  1  1  1  1

[[74]]
 [1]  0  0  1  0 -1  1  0  0  0  0  0  0 -1  1  0  0  1  1  0  0  0  0  0  0 -1  0  1  1  0  0  0  0  0  0  0

