[[1]]
 [1]  0  0  0  0  0  0  0  0  0 -1  0  0  0  0  0  0  0  0  1  1

[[2]]
 [1]  0  1  1  0  0  1  0  0  0 -1  0  0  0  1  0  0  0  0  0  0  0  0  1  0  0  0

[[3]]
 [1] -1  1  0 -1  1  1  0 -1  1 -1  1 -1 -1  0 -1  0  1  1  0 -1  1 -1  1 -1 -1  0  1  1  1  1

[[4]]
 [1]  0  0  1  0  1  1 -1  1  1  0 -1 -1  0  0  1  1  1  0  1  1 -1  1  1

[[5]]
 [1]  0  0  1  1  1  1 -1  0  0  0  0  0 -1  0  0 -1  0 -1 -1

[[6]]
 [1] -1 -1 -1  0 -1  0  1 -1  0  0  0 -1  0 -1  0  1  1 -1 -1 -1 -1

[[7]]
[1]  0 -1  0  0  0 -1  0  0  0

[[8]]
 [1]  0  0  0 -1  0 -1  0 -1  1  0  0 -1  0  0  0  0  0 -1  1  1  0  0  0  0  0  0

[[9]]
 [1]  0  0  0 -1  0 -1  0 -1  1  0  0 -1  0  0  0  0  0 -1  1  1  0  0  0  0  0  0

[[10]]
 [1]  0 -1  0  1  0  0  0  0 -1  0  0  0  0  0  0  0  0  0  0  0  0  1  1  0  0  0  0 -1 -1  0  0  0  0  0  0  0

[[11]]
 [1] -1  0 -1 -1  0  1 -1  0  0  0  0 -1  1  1  0  1  1  0 -1 -1 -1  0 -1  0  0  0  1  1  0  1  1  0 -1  0  0  0

[[12]]
 [1] -1  0 -1  0 -1  0  0  0  1  1  0  0  0

[[13]]
[1] 0 0

[[14]]
 [1]  1  1  0  1 -1  0  0  0  0  0  0  0  1 -1  0  0  0 -1  1  1  0  0  0  0  0  0 -1  1  0  1  0  1  0  0  0  0  1  1  0 -1  1  1  0
[44]  0  1  0  0  1  0  0  1  1  0  1  1  1  0  0  0  0  0  1  1  0  0  0  1

[[15]]
 [1] -1  0 -1  1  0 -1  0  0  0  1  0  0  1  0  0  0  0  0  1  0  0  0  0 -1  0

[[16]]
 [1] -1  0 -1  1  0 -1  0  0  0  1  0  0  1  0  0  0  0  0  1  1  1  0  0  0 -1  0

[[17]]
 [1] 0 0 0 0 1 0 0 1 0 0 0 0 1 0 0 1 1 0 0 1 0 0 0 1

[[18]]
 [1] 0 0 0 0 1 0 0 1 0 0 0 0 1 0 0 1 1 0 0 1 0 0 0 1

[[19]]
 [1]  1  1  1  1  1  1  1  1  0  0  0  0  1  0  1  1 -1  1  1  0  0  0  0  1  1  0  0  0

[[20]]
 [1]  1  1 -1  1  0  0  0  0  0  0  0  0  0  1  1  0  1  0  0  0  0  0  0  0  0 -1 -1  1  0  1  0  0  0  0  0  1  1  0  0  0  0

[[21]]
 [1] -1  0  1  0  1  0  1  1  1 -1  0  1  0  1  0  1  1  1  0  0  0  0  0  0

[[22]]
 [1]  0  0 -1  1 -1  0 -1  0  1  0  0 -1  0  0  0  0  0  0  0  0  0  0  0  0  0

[[23]]
 [1]  0  0 -1  0  0  0  0  0  0  0  0

[[24]]
 [1]  1  0  0 -1  1  0  0  0  1  0  0 -1  1  0 -1 -1  1  0  0 -1 -1  0 -1 -1  1 -1 -1 -1 -1

[[25]]
 [1]  1 -1  1  0  0  0 -1 -1  0  1 -1  1 -1  0  0  0 -1  1  0  0  1 -1  1 -1  0

[[26]]
 [1] 1 1 0 0 1 1 1 1 1 1 0 1 0 0 0 0 0 1 1 1 0 1 0 0 0 1 1 1

[[27]]
 [1]  0  0  0  1  0  0  0  0  0 -1  1  1  0 -1  0  0  0  0  0

[[28]]
 [1]  0  0  0  0  0  0  0  0  1  0 -1  0  1  0 -1  0  0  0  0  1  0  0  0  0 -1  0 -1  0  1  1  1  0  1  1  0  0  0  0 -1  0 -1  0  0
[44] -1  0  0  0  0  0  0  0  0  0

[[29]]
 [1] -1  0  0  1 -1  0  0 -1  0  0  0  0  0  0  0  0  0  0  0  0  0  1

[[30]]
 [1]  0 -1  0  0  0  0 -1  0  1 -1  0 -1  1  1

[[31]]
 [1]  0  1  0  1  0  0  0  0  0  0 -1  0 -1  0  0  0  0 -1  1  0  0  0  0

[[32]]
 [1]  1 -1  1  0  0  0 -1  1 -1  0  1  0  0 -1  0  1 -1  0  0 -1  1 -1  0 -1 -1

[[33]]
 [1] -1  0 -1 -1  0  0  0  0  1  0 -1  0 -1 -1  0  1 -1 -1  0  1  0  1  0  1  0 -1  0  0 -1 -1  0  1 -1 -1  0  1  0 -1  0

[[34]]
 [1]  0  0  1  1  0  1 -1  0  1  0  0  0  0  0  0  0  0  0  0 -1  0  0  1  0  0  0  0  0  0

[[35]]
 [1] -1  0 -1  1  0 -1  0  0  0  0  0  0 -1 -1  0  1  0  0  1  0  0  1  0  0  0  0  0  0  1 -1  0  0  1  0  0  1  1  0  1  0  0  1  0
[44]  0  1  1

[[36]]
 [1] -1  0 -1  1  0 -1  0  0  0 -1 -1  0  1  0  0  1  0  1  0  0  0  0  0  0  1 -1  0  0  1  0  1  1  0  1  0  0  1  0  1  1

[[37]]
 [1]  0  0  0  0  1  1  0 -1  0 -1  1 -1  1  1  1  1  1  0 -1  0 -1  1

[[38]]
 [1]  0  0  0  1  0 -1  1  1  1  0

[[39]]
 [1]  0  0  1  0 -1  1  0 -1  0  1  0  1  1  0  1  0  0  0  1  0  0  0  1  1  0 -1  0  0  0  0  1  0 -1  0  1  0  1  1 -1  1  1  1  0
[44]  0  0  1  0  0  0  0 -1  0  1  0  1  1  0  1  1  1  1

[[40]]
 [1]  0  0  1  0 -1  1  0 -1  0  1  0  1  1  0  1  0  0  0  1  0  0  0  1  1  0 -1  0  0  0  0  1  0 -1  0  1  0  1  1 -1  1  1  1  0
[44]  0  0  1  0  0  0  0 -1  0  1  0  1  1  0  1  1  1  1  1  1  0  0

[[41]]
 [1]  1  0  1  0  1  0 -1  0  0  0  1 -1  1 -1  0 -1  0 -1  0  0  0  0  0  0  0  0  0  0  0  1  0  0  1  1  1  1  1

[[42]]
 [1]  1  1 -1  1  0  1  1  1  0  0  1  0  0  0  1  1  1  0  0  1  1  0  0  0  0

[[43]]
 [1]  1  1 -1  1  0  1  1  1  1  0  1  1  1  0  1  0  0  0

[[44]]
 [1]  0  0  0 -1  0  1  0  0  1  0  0  0  0  0  0  0  0  0  1

[[45]]
 [1]  0  0  0 -1  0  1  0  0  1  0  0  0  0  0  0  0  0  0  1

[[46]]
 [1]  0  0  0  0  0  0  1  1  0  0  0  0  0  0  0 -1  0  0  0  0  0  0  0 -1 -1  0  0  0  0  0  0  0  0  0  0  0

[[47]]
 [1]  1  0  0  1  1 -1 -1 -1  0  0  0  0  0  0  0  1  1  0 -1  0  0  1  0 -1  0  0  0  0  1  1  0  0  0  0  0  1  1  0  0

[[48]]
 [1]  1  0  0  1  1 -1 -1 -1  0  0  0  0  0  0  0  1  1  0 -1  0  0  1  0 -1  0  0  0  0  1  1  1  0  0  0  0  1  1  1  0

[[49]]
 [1]  1  0  0  1  1  1  1  0  0  1  1  1  0  0  0  0 -1  1  0  0  1  1  1  0  0  0  0 -1  1  1  0  0

[[50]]
 [1]  1  0  1  1  1  1  0  1  1  1  0 -1  1  0  1  1  1  0  1  0

[[51]]
[1] -1 -1  0  1  1  0  0

[[52]]
 [1]  0  0 -1 -1  0 -1 -1 -1 -1 -1  0  0  0 -1 -1 -1  1  1  1  1  1  0  0 -1

[[53]]
 [1]  0  0 -1 -1  0 -1 -1 -1 -1 -1  0  0  0 -1 -1 -1  1  1  1  1  1  0  0 -1

[[54]]
 [1]  0  0  0  0  0  0 -1  0  0  0  0  0  0  0

[[55]]
 [1] -1  0  1  0  0  0  0  0  0  0  0  1  1  0  0 -1  0  0  0  0  0  1  0  1  1  1  0  0  0  0  0  0  0  0  0  0

[[56]]
 [1]  0 -1 -1  0  0 -1  0  0  0  0  0  1  0  0  0  1  0 -1  0  1  1  1  1  1

[[57]]
 [1]  0 -1 -1  0  0 -1  0  0  0  0  0  1  0  0  0  1  0 -1  0  1  1  1  1  1

[[58]]
 [1]  0  1  1  0  0  0 -1  0  0  1  0  0  0  0 -1  0  0  0  0  0  0  0  1  0  0  0  0  0

[[59]]
 [1]  1  1  0 -1  0  0  0  1  0  0  0  0  0  0  0  0  0  0  0  0  1  0  0  0  0

[[60]]
 [1] 0 0 1 1 0 1 1 1 0 1 1

[[61]]
 [1] 0 0 1 1 0 1 1 1 1 1 0 0 0 1 1 1 1 1 1 1 1 1

[[62]]
 [1]  0  0  1 -1  0  1  1  0  1  1  1  1  1  0  1  0  0  1 -1  0  1  1  1  1  1  1  1

[[63]]
 [1]  0  1  0  0  0  0  0  0  0  0  0  0  0  1  1  1  0  0  0  0  0  0  0  0  0  0  1  0 -1 -1  0  1  1  1  1  1  1  0  1  0

[[64]]
[1]  0  0 -1  1  1 -1  1  1

[[65]]
 [1] 1 1 0 1 1 0 1 1 1 1 0 1 1 0 1 1

[[66]]
 [1]  1  0  0  1  0  0  1 -1  0  0  0  0  1  0  0  1 -1  1  1  0  0  0  1  0  0  1  1  0  0  1  1  1  0  0  0  0  1

[[67]]
 [1]  0  0 -1  0  1  0  1  0  1  1  0  0  1  0 -1  0 -1  1 -1 -1 -1  0  1  1  1  1  0  0  1  1  0  1  1  1  0  1  0

[[68]]
 [1]  0  1  0  0  1  0 -1 -1  0  1  1  0  1  0 -1 -1  0  0  1  0  0  0  0  0  1  0  1  1  0  1  1  0  1  1  1  0  1  0  0  0  1  0  0
[44]  0  1 -1  0  1  0  0  0  1 -1

[[69]]
 [1]  1  1  0  0  0  0  0  0  0  0 -1  0  0  1  1  1  0  0  0 -1  0  0  0  0  0  0  0  1  1  0

[[70]]
 [1]  0 -1  0 -1 -1  0  0  0  0  1  0  1  0  0  1  0  1  1 -1  1  0  1

[[71]]
 [1]  1 -1  1 -1  0  0  1  0  0  0 -1 -1  0  1  0  0  1  0  0  0  0  0  1 -1  0  0

[[72]]
 [1]  1  0  0  1  0  1  1 -1  0  0  0  0  1 -1  0  0  0 -1 -1 -1

[[73]]
 [1]  0 -1 -1  0  0  0  0 -1 -1  0 -1  0  0 -1  0  0 -1 -1  0 -1  0  0  0

[[74]]
 [1]  1  0 -1  0  1  0  0  0 -1  0 -1  0 -1 -1  0  1  0  1  1 -1  0 -1  0 -1 -1  0  0  0  0  0  0  0  0  0

[[75]]
 [1]  0  0  0 -1  1 -1  1  0  0  1  0  0  0  0  0  0  1  0  1  1 -1  0  0  0  1  0

[[76]]
 [1]  1  0  0  0  0  1  0  0  0  0  1  0  0  0 -1 -1  1  0  0  1  0  1 -1  0 -1  0  1  0  0 -1 -1  1  0  0  0

[[77]]
 [1]  0  0  0  0  0  0  0 -1  0  0 -1  0  0  0  1  1  0  1  1  0  0  0  0  0  0  0  0  1  1  0  1  1  1  1

[[78]]
 [1]  0  0  0  0 -1  0 -1  0  1  1  1  1  0  0  0  0  1  1  1  1  1  1  0  1  0

[[79]]
 [1]  0  1 -1  0  1  1  0  1  0  1  0  1  0  1  0  1  0  0  0  0  1 -1  0  1  0  1  0  1  0  1  0  1  0  1  0  1  0  1  0  1  0  1

[[80]]
 [1]  0  0 -1 -1  1  0  0  1 -1  1  1  1  0  0  0  0  0  0  0  0  1  1  1  1  1  0  0 -1  0  1  0  0  1  1  1  1  0

[[81]]
 [1] -1  0  1  0  0  1  1  1  0  0  0  1  0 -1  1  1  0  0  0  0  1  0 -1  1  1  1

[[82]]
 [1]  0 -1  0  1  0  1  0 -1  0  1  0  1  0

[[83]]
 [1]  1  1  1  1  1  0  0  0  0  0  1  0  1  0  0  0  0  1  0 -1  0  0  0  1  0  1  0  0  0  0  0  0  0  0  0  1  0  1  0

[[84]]
 [1]  0  1  0  0  1  1  0  1  0  1  0  1  0  0  0 -1  0  0  1  0  1  1  0  1  0  1  0  1  0  0  0 -1 -1  0  0  0  0  0  1  0  0  0  0
[44]  0  1  0  1

[[85]]
 [1]  0  1  0  0  1  1  0  1  0  1  0  1  0  0  0  0 -1  0  0  1  0  1  0  0  0  0  0  0  0  0  0  0  0  0  1  0  1

[[86]]
 [1]  0  0  0  0  0  0  1  0 -1  1 -1  0  0  0  0  0  0  1  0 -1  1 -1  0

[[87]]
 [1]  0  0  0  0  0  1  0  0 -1  0  0  0  0  1  0  0 -1  0

[[88]]
 [1]  1 -1 -1  0  0 -1  1  1 -1 -1  0 -1  0 -1 -1  0

[[89]]
 [1]  0 -1 -1  0  0  0  1  1  0  0

[[90]]
 [1] -1  0  1  0  1  1  1 -1 -1  0  1  0  1  0  0  0  1  0  0  1  0  0  0  0  0  0

[[91]]
 [1]  0  0  0  0  0  1  0  1  0  0  0 -1  1  1  0  1  0  1  0  0  1  0 -1  0 -1

[[92]]
 [1] -1  1  0  0  1  0  0  1  0  1  0  0  1  0  1  1  0  0  0  0  1  0  0  0  1  0  1  1  1  1

[[93]]
 [1] -1 -1  0  1  0  0  0 -1  1  0  0  0  0  0  0  0  0  0  0  0  0  0  0  1  0

[[94]]
 [1] -1 -1  1  0  1  0  1  1  0  1  0  1 -1  1  0  1  1  0  1  1  1

[[95]]
 [1] -1  0  0  0  1  0  0 -1 -1 -1 -1  0  0  1  1  0 -1  1  0  0 -1  0  1  1 -1  0  0  1

[[96]]
 [1]  0 -1  0  0 -1  0  1  1  0 -1  0  1  1  0  0  0  0  0  0  0  0  1  0  0  0  0

[[97]]
 [1]  1  1  1  1  1  1  0 -1  1  0 -1  0 -1 -1  0  0 -1  0  0 -1  0 -1  0 -1  0 -1  0

[[98]]
 [1] -1  0  0  0 -1  0  0  0 -1  0  1 -1  0  1  0

[[99]]
 [1]  0  1  1  1  0  0  0  0  0  1  0 -1  0  0  0  0  1  1

[[100]]
 [1] 0 1 1 1 1 1 0 0 1 1 1 1 1 0 0 1

[[101]]
 [1] -1  1  0 -1  1  1  1  1  1  0  1  1  1  1  0  1

[[102]]
 [1] 0 0 0 0 0 0 0 1 0 0 0 0 0 0 0 1 0 0 0 0 0 1 0 0 0 0 0

[[103]]
 [1]  0  0  1  0  0  0 -1 -1  1 -1  0  1  1  0  0  0  0  1  1  0  1  1  0  0  0  0  0  0  0  0  1  0  0  0

[[104]]
[1]  1  0 -1  1 -1  1  1  0

[[105]]
 [1] -1  1 -1  1  0  0 -1  1 -1  1  0  0  0  0  1  1  0  0  1  1 -1  1

[[106]]
 [1]  0  0  0  1 -1  0  0 -1  1  1  1  1 -1  0  0 -1  0  0  0

[[107]]
 [1] -1 -1 -1  0 -1  0  0  0  0  1  1 -1  0  0  0  0  0  1  0  0  0  0  1  0  0  1  0  0  0

[[108]]
 [1] 1 0 1 1 1 0 0 0 0 0 0 0 1 0 1 1 0 0 0 0 0 0 0 0

[[109]]
 [1] -1  0  0  1 -1  0 -1  0  1  1 -1  0  0  0 -1  0  0 -1  0  1  1  0 -1  0  0  1  0  1  0  1  1  1  1  1

[[110]]
 [1]  1  0  1  0  0  0  1  0  1  1  0  1  0 -1 -1  0  0  0  1  0  1  0  0  0 -1 -1 -1  0  0  1  0  1  1  1  1

[[111]]
 [1]  0 -1  1  0  0 -1  0  0  0  0  0  0  0  1  0  0  0  0  0  0  0  0  1  0  0  1 -1  0 -1  0  0  0  0  0  0  1  1  0  0  0  0  0  1

[[112]]
 [1]  1  0  0  0  0  0 -1 -1 -1  0  0  1  0  0 -1 -1 -1  0  1  0  0  1  1  1  1

[[113]]
 [1]  1  0  0  0  0  0 -1 -1 -1  0  0  1  0  0 -1 -1 -1  0  1  0  0  1  1  1  1  0  1  0  0  0  1  1  0  1  0

[[114]]
 [1] -1  0  1  1  0  0  0 -1  0  0  0  0  0  0  1  0  1  1  0 -1 -1 -1  0  0  0  1  0  1  1

[[115]]
 [1] -1  0  1  0 -1 -1 -1  0  1  0  0 -1 -1 -1 -1  0 -1 -1 -1  0  0  0 -1  1 -1  0 -1  1  1 -1  1 -1  1 -1 -1  0 -1  0  0  0  1  1  0
[44]  0  1

[[116]]
 [1]  0  1 -1  0  0  1  0 -1  0  0  1 -1  0  1  0 -1  0  1  1  0  1  1  0  0 -1  0 -1  1 -1  0  1  0 -1  0  1  1  0  1  0  0 -1  1

[[117]]
 [1]  1  0 -1  1  1 -1  0  0 -1  0  1 -1

[[118]]
 [1]  1  0  0  1  1  1  0  0 -1 -1 -1  1  1  1  1  1  1 -1  0  0  1  1  1  1  1  1  1  1  1

[[119]]
 [1] 0 0 1 1 0 0 0 0 1 0 0 1 1 1 0 0 1 1 0 0 1 1 1 1 1 1 1 1 1 1 0 0 1 1

[[120]]
 [1]  0  0 -1 -1 -1  0 -1  0 -1 -1  0  0  1  1  0  1  1  0  0  0  1 -1  0  1  1  0  1  1  1  0  0  1  1  1  1  0  1  1  1

[[121]]
 [1]  0  0  0  0  0  0  1  0  0  1  0  0 -1  0  1  1  1  0  0  0  1  0  0  1  0  1  0  0  0 -1  0  0  0  0  1 -1

[[122]]
 [1]  0  0  0  0  0  0  1  0  0  1  0 -1  0  1  1  1  0  0  0  1  0  0  1  0  1  0  0  0 -1  0  0  0  0  1 -1

[[123]]
 [1]  0  0  0 -1  0  0 -1 -1  0 -1  1  0  0  0 -1  0  0 -1  1  0  0  1  1  0  0  0  0  0  0  0 -1  1  0  0  0 -1  1  0  0 -1  1  0  1
[44]  0 -1  1  0 -1  1  0  0  0  0  0  0

[[124]]
 [1]  0  0  0 -1  0  0 -1 -1  0 -1  1  0  0  0 -1  0  0 -1  1  0  0  1  1  0  0  0  0  0  0  0 -1  1  0  0  0 -1  1  0  0 -1  1  0  1
[44]  0 -1  1  0 -1  1  0  0  0  0  0  0

[[125]]
 [1]  1  0  0  0  0  0  0  1  0  1 -1 -1  0  0  1  1  0  0  1  1  1

[[126]]
 [1]  1  0  0  1  1 -1  0  1  1 -1  0  1

[[127]]
 [1]  0  1  1 -1 -1  0 -1  1  1  0  0  0  1  0  1 -1  0  0  1  0  0  0  1  0  1  0  0  1  1  1  0  0  0  0  0  0  0  0  0  0

