  [1] 0.4202188 0.3459907 0.5092226 0.5218670 0.6328542 0.2217953 0.3724594 1.0206892 0.9043789 0.7091226 0.9043789 0.9138329 1.0083410
 [14] 0.2702278 0.3600355 0.5397832 0.4366823 0.4859173 0.6231536 0.7741977 0.3191412 0.3169171 0.4205531 0.3659351 0.5879888 0.9865895
 [27] 0.6227144 0.6396214 0.2706628 0.3663045 0.4019883 0.3089281 0.3668241 0.8031833 0.6840277 0.6728014 0.6911200 0.4213667 0.4482515
 [40] 0.3193762 0.3193762 0.9245008 0.8673472 0.7114759 0.7042243 0.8381733 0.6173951 0.2484953 0.2491921 0.7790438 1.1418561 1.4950026
 [53] 0.6479351 0.4728399 0.4602002 0.4066315 0.3631561 0.5135712 0.6234594 0.5616695 0.9735918 1.0003569 0.4544799 0.6183404 0.6799720
 [66] 0.8080549 0.2135049 0.2135049 0.3853724 0.9254430 0.3472038 0.5976581 0.6895155 0.9002857 0.4893069 0.6755515 0.6205885 0.5552749
 [79] 0.6757462 0.2031502 0.6820709 0.2811833 0.4566343 0.5515508 0.7494426 0.3544380 0.4857073 0.5021188 0.3913340 0.4450816 0.4361958
 [92] 0.5917191 0.6780765 0.5858061 0.6763345 0.4520182 0.8708271 0.6564636 0.4245052 0.3576588 0.4360322 0.4370517 0.6463447 0.7152434
[105] 0.6446776 0.6265685 0.8830363 0.9007345 0.3630299 0.3630299 0.3449603 0.4177420 0.6719570 0.6342988 0.6453822 0.6747602 0.3747334
[118] 0.4838358 0.4838358 0.6288128 0.4877523 0.9344510 0.4910860 0.4345565 0.7700717 0.4894490 0.6868030 0.5698461 0.5537371 0.2250225
[131] 0.2250225 0.2597367 0.1258154 0.6982545 0.5497452 0.5847589 0.5710392 0.5269963 0.6373952 0.8827076 0.7130232 0.5352370 0.4177985
[144] 0.1978997
