[[1]]
 [1]  1  0  0  1  0  0  1  0 -1  0  0 -1  0  1  0  0  1  1  1  1  1  0  1 -1 -1  0 -1  0  0 -1  0  1  0  0  1  1  1  0 -1  1 -1  0 -1  0  0  0  0 -1  0  1  0  0  1  1  1

[[2]]
 [1]  0  0 -1  1  0  0  1  0  1  0  1  1  0  0  0  0 -1  0 -1  0 -1  1  0  1  0  0  1  0  0 -1  0  0  1  1  1 -1  0  0  0 -1  0  1  1  1  0  0  0  0 -1  0  0  1  1

[[3]]
 [1]  0  0  1  1  1 -1  1  0  0  0  0  0  1  1  1  0  1  1  0  0 -1 -1  0 -1 -1 -1 -1  0  1  0  0  0  1  1

[[4]]
 [1]  0  1  1  1  1  1  1  1  1  1  1  1  1  1  1  1  1 -1  0 -1  1 -1  1  0  1  1  0  0  1  1  0  1  1  0  1  1  1  0  0  1  1  1  1  0 -1  0  1  0  1  0  0  0  0  1  1 -1
[57]  1  1  0  0  0  0  0  0  1  1  0  0  1  0  1  1  0

[[5]]
 [1]  0  0  0  0  0  0  0  1  1  0  0  1  0 -1 -1 -1  0  0  1  1  1 -1 -1 -1  0  0  0  0  0  0  0  0  0  0  0  0

[[6]]
 [1]  0 -1  0  1  1  0  0  1  0  1  0  0  0  0  0  1 -1  0  0  0  1  1  0  0  0  0  1  0 -1 -1  0 -1 -1 -1  1  1  1  0  0 -1  0  0  0  0 -1  1  0  1  1  1  1  0  1  0  0  0
[57]  0  1  0 -1  0

[[7]]
 [1]  0 -1  0 -1  0  0  1  0  1 -1 -1  0  1  0 -1  1  0  0 -1  1  0  1  0  0 -1  1  1  1  1  0 -1  0  1  0 -1  1  1 -1  1  1  0  0  0 -1 -1  1  0  1 -1  1  1 -1  0 -1 -1  0
[57]  1  0  0  0  1

[[8]]
 [1]  0  1  1  1  0  0  1  1  0 -1  1  0  1 -1  1  0  1  1  1  0  1  0  0  1  1  0  1

[[9]]
 [1]  0  0  0  0  0  0  0  0  0  0  0  1  1  0 -1  1  1 -1  1  1  1 -1  1  0  0  0  0  1  1  0  0  1  1 -1  1  1  1 -1  1  0  1  1  0  1  0  0  0  0  0  0  0  0  0  0  0  0
[57]  1  1 -1  1  1  1 -1  1

[[10]]
 [1]  0  0  0  0  0  0  0  0  0  0  0  1  1  0 -1  0  1  1 -1  1  1  1 -1  1  0  0  0  0  1  1  0  0  1  1 -1  1  1  1 -1  1  0  1  1  0  1  0  0  0  0  0  0  0  0  0  0  0
[57]  0  1  1 -1  1  1  1 -1  1

[[11]]
 [1]  0  0  0  0  0  0  0  0  0  0  0  1  1  0 -1  1  1 -1  1  1  1 -1  1  0  0  0  0  1  1  0  0  1  1 -1  1  1  1 -1  1  0  1  1  0  1  0  0  0  0  0  0  0  0  0  0  0  0
[57]  1  1 -1  1  1  1 -1  1

[[12]]
 [1]  1 -1  1  0  0  0  0  0  0  0  1  1  0  1  0  1  0

[[13]]
 [1]  1 -1  1  0  0  0  0  0  0  1  0  1  0  1  0

[[14]]
 [1] 0 0 0 1 0 1 0 0 0 0 1 0 0 0

[[15]]
 [1]  0  0  0  0  1  0  0  0  1  1 -1  1  0  0  0 -1 -1  1  1  0  0  0  0  1  0  0  0  0  0  0  0  0  0  0  0  0  0  1  0  0  0  1  0  0 -1  0  0  1 -1  0  0  0  1 -1  0 -1
[57]  1  1  1  0  0  0  0 -1  0  0  0  1  0  0

[[16]]
 [1]  0  0  0  0  1  0  0  0  1  1 -1  1  0  0  0 -1 -1  1  1  0  0  0  0  1  0  0  0  0  0  0  0  0  0  0  0  0  1  0  0  0  1  0  0  0  0  0  0  0  0  0 -1  0  0  1 -1  0
[57]  0  0  1 -1  0 -1  1  1  1  0  0  0  0 -1  0  0  0  1  0  0  0  0  0  0  0  0  0  0  0  0  0  0  0  0  0

[[17]]
 [1] -1  0  1  0 -1 -1 -1  1  1  1 -1  1  1  1  1  0  0  0  0  0 -1  1  1  1 -1  1  1  1  0  0  0 -1  0  1  0  1 -1  1  1  1 -1  1  1  1

[[18]]
 [1] -1  0  1  0  0  0  0  0  0  1  0  1  0  0  0  0  1  1  1  1  1  0  0  1  1  1  0  0  1  0  0  1  0 -1  0  1  0  0  0  0  0 -1  0  0  0  0  0  0  0  0  1  0  0  0 -1  0
[57] -1  1  1  0  0  0

[[19]]
 [1] -1  0  1  0  0  0  0  0  1  0  1  0  0  0  0  1  1  1  1  1  0  0  1  1  1  0  0  1  0  0  1  0 -1  0  1  0  0  0  0  0  1  0  1  0  0  0  0  0  0 -1  0  0  0  0  0  0
[57]  0  0  1  0  0  0 -1  0 -1  1  1  0  0  0  0  0  1  0  1  0  0  0  0

[[20]]
 [1]  0  0  0  1  0  1  1  0  1  1  0  0  1  0  0  1  0  0  0  1  1  1  1  0  1  1  1  1 -1  0  1  0  1  0  1  1  0  0  1  0  0  1  0  0  0  1  0  1  1  0  1  1  1  1  0  1
[57]  0  0  1  0  0  0  1  1  0  0  1  0  0  0  1  1  0  0  0  0  0  0  1  1  0  0  0  0  0  0  1

[[21]]
 [1]  0  0  0  0  0  1  0  1  0  0  0  0 -1  0  0  1  0  0  0  0  1  0  0  1  0  0  0  1  0  1 -1  0  0  0  0 -1  0  0  1  0  0  0  0  1  0  0  1  0  0  0  1  1  0  1  1  0
[57]  1  0  0  1  0  0

[[22]]
 [1]  0  0  1  0  0  0  1  1  0  0  0  1  0  0  0  1  0  1  1  0  1  0  1  1  0  1  1  0  0  0  1  0  0 -1  1  1  0  0 -1  1  0  1  1  0  0  0  1  0  0  0  1  1  0  0  1  1
[57]  1  1  1 -1  0  1  1  1 -1  0  0  1  1  0  0  0  1  0  0  0  1  1  0  0  0  0

[[23]]
 [1]  0  0  1  0  0  0  0  1  1  0  0  0  1  0  0  0  1  0  1  1  0  1  0  1  1  0  1  1  0  0  0  1  0  0 -1  1  1  0  0 -1  1  0  1  1  0  0  0  1  0  0  0  1  1  0  0  1
[57]  1  1  1  1 -1  0  1  1  1 -1  0  0  1  1  0  0  0  1  0  0  0  1  1  0  0  0  0

[[24]]
 [1]  1  1  1  1  1  1  0  1  1  0  0  0  0  0  0  1  1  0  1  1  1  1  1  0  1  0  1  1  0  0  0  0  0  1  0  1  1  1  1  1  1  1  1 -1  1  1  0  0  0  0  0  0  0  0  1  0
[57]  0 -1  0  0  1  1  0  1  1  1  1  1  1  0  1  0  1  1  0  0  0  0  0

[[25]]
 [1] -1  1 -1 -1  0  0  0  0  0  0 -1  0  0  0  0  1  1  1  1  0  0  0  1  0  0  0  0  0  0  0 -1  0  0  0  0  0  0  1  1  1  0  1  0  1  1  1  0  0  0  0  0 -1  0  0  0  1
[57]  1  0  0  1  1  1

[[26]]
 [1]  0 -1  0  1 -1 -1  0  0  0  0  0  0  0  0  0  0  0  0  0  0 -1  0  0  0  0  0  1  0  1  0  1  0  1  0  0  0  1  0  0  0  0  0  0  0  0  0  1  0  1  0  1  0  0  1  1  0
[57]  1  1  1  0  0  0  0  0  1  0  1  0  1  0  0  0  0  1  0  1  0  1  0

[[27]]
 [1] 1 1 1 0 1 1 1 0 0 1 1 0 1 1 1 0 0 0 1 1 1 0 1 1 1 1 1 1 1

[[28]]
 [1]  1  1  1  0  1  1  1  0  0  0  1  1  0  1  1  1  0  0  0  0  1  1  1 -1  1  1  1  1  1  1  1

[[29]]
 [1]  0  1  1  0  1 -1  0  1  0 -1  0  1  1  0 -1  1  0  0  1  1  0 -1  0  1  1  0  1  1  1  0  0 -1  0  1  1  0

[[30]]
 [1]  0  1  1 -1 -1 -1 -1  1  0  0  1  0  0  0  1  1  0  1  1  0  0  0  0  1  0  0  1  0  0 -1  1  1  1  0  1  1 -1 -1  1 -1  1  1  0  1  0  0  1  0  0 -1  1  1  1  0  1  0

[[31]]
 [1]  0  0  0  0  0  0  1 -1  1  1 -1  1  1  0  0  0  0  0  0  0  0  0  0  0  0  0  1  0  0 -1 -1  0  1  1 -1  0 -1  0  0 -1  0  0  0  0  0  0  1  0  1 -1  0 -1  1  0  0  0
[57]  0

[[32]]
 [1]  0  0  0  0  0  0  1 -1  1  1 -1  1  1  0  0  0  0  0  0  0  0  0  0  0  0  1  0  0 -1 -1  0  1  1 -1 -1  0  0  0  0  0  0  0  0  0  0 -1  0  0  0  0  1  0  0  1 -1  0
[57]  0  0  0  0  0  0  0  0 -1  1  0  0  0

[[33]]
 [1]  0  1  0  1 -1 -1  0  0  1 -1  0  1  0  0  0  1  0 -1  1  0  0  0  0  0  0 -1  0  1  1  0  1  0  0  0  1  0  1  1  0  0  0  0  1  0 -1  1  0  0  0  0  0  0  0  0  1 -1
[57] -1  0  0  0  1  0  0  0  1  0 -1  1  0  0  0  0  0

[[34]]
 [1] -1  1  0  1  1  1  0  0  0  0  1  1  0  0  1 -1  1  1  1  0  0  0  0  1  1  0  0  1  1  1 -1  0  0  0  0  1  1 -1  0  0  0  0  0  1  1  1  0  0

[[35]]
 [1]  0  1  1  1  0  0 -1  0 -1  0  1  1  1  0  0 -1  0 -1 -1  0  1  1  1  0  0 -1  1 -1  0  0  0 -1  1 -1

[[36]]
 [1]  1  1 -1  0 -1  0  1  1  1 -1 -1  1  1 -1  0  1  1  0 -1  1 -1

[[37]]
 [1]  0  1  1  1  1  1  1  1  1  0  0  0  0  0  0  1  0  0  0  0  0  0 -1  0  0  0  0  1  0  0  0  1  0  0  0  1  0  0  0  1  0  0  0  0  0  0 -1  0  0  0  0  0  1  0  0  0
[57]  0  0  0  1  0  0  0  0  0  0  0  0 -1  0  0

[[38]]
 [1]  0  1  1  1  1  1  1  1  1  0  0  0  0  0  0  1  0  0  0  0  0  0  0 -1  0  0  0  0  1  1  0  0  1  0  0  0  0  1  0  0  0  1  0  0  0  0  0  1  0  0  0  0  0  0  1  0
[57]  0  0  0

[[39]]
 [1]  1  1  1  1  0  0  1  1  1 -1 -1  1  0 -1  1 -1 -1 -1  1 -1  1  1  1  1  0  0  1  1  1  1  0  0  0  0  0  1  1  1  1  0  0  1  1 -1  1  1  0  1  1 -1 -1  1 -1  1  1  1
[57]  1  0  0  1  1  0  0  0  0

[[40]]
 [1]  1  0  1  0 -1  0  0  0  0  0  0  0 -1  0  0  0  0 -1  1  1  1  1 -1  0 -1  0  0  1  1  0  0  1  1  1  0  0  0  0 -1  0  0  0  0 -1  1  1  1  1 -1  0 -1  0  1  0  0  0
[57]  0  1  1  0  1  0  0  1  1  1  1  0  1  1  1  1  1  1  1  1

[[41]]
 [1]  0  0  1 -1  0  0  0  1  0  1 -1  1  1  1  1 -1  0  0  1  1  0  0  1  1  1  0 -1  0  1  0  0  0  1  0  1  0  0  1  1  1  1  0  1  1  1  1  1  1  1  1

[[42]]
 [1]  0  0  1  0 -1  0  0  0  0  0  0  0 -1  1  1  1  1 -1  0  0  1  1  0  0  1  1  0  1  0  0  0  0 -1  1  1  1  1 -1  0 -1  0  1  0  0  0  0  1  0  0  1  0  0  1  1  1  1
[57]  0  1  1  1  1  1  1  1  1

[[43]]
 [1]  0  0  1  0 -1  0  0  0  0  0  0  0 -1  1  1  1  1 -1  0  0  1  1  0  0  1  1  0  1  0  0  0  0 -1  1  1  1  1 -1  0 -1  0  1  0  0  0  0  1  0  0  1  0  0  1  1  1  1
[57]  0  1  1  1  1  1  1  1  1

[[44]]
 [1]  0  0  0  0  0  0  0  0 -1 -1 -1 -1 -1 -1  1  1  0 -1  1  0  0  0  0  0  0  0  0  0  0  0  0  0  0  0  1  0  1  0  0  0 -1 -1  1  0  0  0  0  0  0  0  0  0  0  0  0  0
[57]  0  0  0  0  0  0  0  0  0  0  0  0  0  0  0  0  0  0  0  0

[[45]]
 [1]  0  0  0  0  0  0  0 -1  1  0  0  0  0  0  0  0  0  0  0 -1  0  0  0  1  0  1  0  0 -1  0  0  0  0  0  0  0  0  0  0  0  0  0  0  0 -1  0  0  0  0  0  0  0  0  0  0  0
[57]  0  0  0  0  0

[[46]]
 [1] -1 -1 -1 -1 -1  1  1  1  1 -1 -1  1  1  1  0  0 -1  0  0  0 -1 -1  1  1 -1 -1  1  1  1  1  1 -1 -1  1  1  1

[[47]]
 [1] -1  0  0 -1  0  0  0  1 -1  0  0 -1  0  0  1  1  1  1 -1  0  0 -1  0  0  1  0  1 -1  0  0 -1  0  0 -1  0  0 -1  0  0

[[48]]
 [1]  0  0  0  0  0  0  0  0  0  0  0  1  1  0  0 -1 -1  1  0  0  0  0  0  0  0  0  0  0  0  0  0  0  0  0  0  0  0  1  1  0  0  0  0  0  0 -1  1  0  0  0  0  0  0  0  0  0
[57]  0  0  0  0  0  0  0  0  0  0  0  0  0  0  0  0  0  0  0

[[49]]
 [1]  1  1  1  0  0  0 -1  0  1  1 -1 -1 -1 -1 -1 -1 -1  1  1  1  0  0  0  0  0  0  1  1  0  1  0  1  0  1  1  0  0  1  1  0  0  1  1  1  1  1  1  1  1  1  1  1  1  1  1  1
[57]  1 -1  1 -1  1  0  0  0  1  1  1  1  1  1  1  1  1  1  1  1  1  1 -1  1 -1

[[50]]
 [1]  1  0  0 -1  1  1  0  1 -1  1  0 -1 -1  0  0  0 -1  0  0  0  1 -1  0  1  0  1 -1  1  0 -1 -1  0  0  0 -1  0  0  0  1  1  1 -1  0  0  0 -1  0  0  0  0

[[51]]
 [1]  1  0  0 -1  1  1  0  1 -1  1  0 -1 -1  0  0  0 -1  0  0  0  1 -1  0  1  0  1 -1  1  0 -1 -1  0  0  0 -1  0  0  0  1  1  1 -1  0  0  0 -1  0  0  0

[[52]]
 [1] -1  0  0  0  1  0  0  1  0 -1 -1  0  1  0  0  1  0  0  1  0

[[53]]
 [1] -1  0 -1 -1 -1  0  1  1 -1 -1 -1  0 -1  0 -1 -1  0 -1 -1 -1  0  1 -1 -1 -1 -1 -1 -1 -1 -1  0  0 -1 -1  0 -1 -1  0 -1  0 -1 -1  0 -1 -1  0 -1  0 -1 -1  0 -1 -1

[[54]]
 [1] -1  0 -1 -1  0 -1 -1 -1 -1  0 -1 -1 -1  0  1 -1 -1 -1 -1  0 -1 -1 -1 -1 -1 -1  0 -1 -1 -1 -1  0 -1 -1

[[55]]
 [1]  1  1  0 -1  0  0  0  1  1  1  1  1  1  0  0  0  1  1  0  0  1  1  0

[[56]]
 [1]  0 -1  0  0  0  0  0  0  0  0  0 -1  0  0  0 -1  0  0  0  1  1  0  0 -1  0  0 -1  1 -1  0  0  0  0  0  1  0 -1  0  0  0  1  1  1  0 -1  0  0  0 -1  0  0  1  1  1 -1  0
[57]  0  1  0  0  0  1  1 -1  0 -1  0  1 -1  1  1

[[57]]
 [1]  0 -1  0  0  0  0  0  0  0  0  0 -1  0  0  0 -1  0  0  0  0  1  1  0 -1  0 -1  1 -1  0 -1  0  0  0  1  0 -1  0  0  0  0  1  1  0  0  0 -1  0  0  0  1  1  1 -1  0  0  1
[57]  0  0  0  1  1 -1  0  1  1 -1  1  1

[[58]]
 [1]  0 -1  0  0  0  0  0  0  0  0  0 -1  0  0  0 -1  0  0  0  0  1  1  0 -1  0 -1  1 -1  0 -1  0  0  0  1  0 -1  0  0  0  0  1  1  0 -1  0 -1 -1  0  0  1  1  1 -1  0  0  1
[57]  0  0  0  1  1 -1  0  1  1 -1  1  1

[[59]]
 [1]  0  1  0  1 -1  1  1  0  0  0 -1  0  1  1  1  1  1  1  1  1  0  0  0  0  0  0  0  0  1  1  1 -1  0  0  1 -1 -1  1  1  1  1  1  1  1  1  0  0  1  0  0  0  0  0  1  1  1
[57] -1  0  0  1 -1 -1  1  1  1  1  1  1  1  1  0 -1  0  0  0  0 -1  1  0  0 -1  0  1  0  1 -1  0  0  0  0

[[60]]
 [1]  1  1  0  0  1  0  1 -1  0  0  0  0  0  0  0  1  0  1  0 -1 -1 -1  0  1  1  0  1  0  0  1  1  1  0  0  1  0  1

[[61]]
[1] 1 1 1 1 0

[[62]]
 [1]  0  1  0  0  1  0  1  0  1  1  0  0  1  0  1  1  0  1  1  1  1 -1

[[63]]
 [1] -1  0  0  1  0  0  0 -1  0  1  0  0  0  1  0  1  1 -1  1  0  1  0  0  0 -1  0  1  0  0  0  1  0  1  0 -1 -1 -1  1  0  0  1  0 -1  0  1  0  1

[[64]]
 [1]  0  0  1  1  1  0 -1  1  1  1  1  1  0

[[65]]
 [1]  1  1  1  1  0  1  0  1  1  0 -1  1 -1  1  1  1  1  1  1 -1  1  1  0  0 -1  1  1  1 -1  1  1  1  1  1  1

[[66]]
 [1]  0  1  1  1  0  0 -1  0  1  1  1  1  1 -1  1  1  0  1  0  0  1  0  0  0  1  1  1  0  0  1  0  0  0  1  1  0  0  1  1  1  1  0  0  0  1  1  1  1  1 -1  1  1  0 -1  0  0
[57]  0 -1  1  0  1  0  0  0  0  0  0  1  1  1  0  1  1  1  0  1  0  1  1  0  0  0  1  0  0  1  1  1  1

[[67]]
 [1]  1  1  1  1  1  0  1  0 -1  0  1  1  1  0  0  0  0  0  1  0  0  0  0  1  0  1 -1  0  0  0  0  0  1  0  1  1  1 -1  0  0  1  1  0  0  1 -1  0  0  1  0 -1  0  0  0  0  0
[57]  0  0  0  0  1  0

[[68]]
 [1]  1  0  0  1  1  0  1  0  0  0  0  1 -1  0  0  0  0  1  1  1  0  0  1  0  1  0  0  0  0  1 -1  0  0  0  0  0  0  0  0  0  0  1  0  1  0  0  0  0

[[69]]
 [1] -1  1  1  0  0  1  0  1  1 -1  0  1  1  0  1  1  1  1  1  1  0  1  1  1  1

[[70]]
 [1]  1  1  1  0  0 -1  1  0  1 -1  1  0 -1 -1  0  0  0 -1  0  0  0  1  0  0 -1  1  0  1 -1  1  0 -1 -1  0  0  0 -1  0  0  0  1  1  1  1 -1  0  0  0 -1  0  0  0 -1  0  0  0
[57] -1  0  0  0

[[71]]
 [1]  1  1  1  0  0 -1  1  0  1 -1  1  0 -1 -1  0  0  0 -1  0  0  0  1  0  0 -1  1  0  1 -1  1  0 -1 -1  0  0  0 -1  0  0  0  1  1  1  1 -1  0  0  0 -1  0  0  0 -1  0  0  0
[57] -1  0  0  0

[[72]]
 [1]  1  1  1  0  0 -1  1  1  0  1 -1  0  0 -1  0 -1  0  0  0 -1  0  0  0  1 -1  1  1  0  1 -1  0  0 -1  0  1  1  1  1  0

[[73]]
 [1]  1  1  0  1  1  1  1  0  0  0  0  0  0  0  0  0  0  0  0  0  1 -1  1  1  1  0  1  1  0  0  0  0  0  0  0  0  0  0  0  0  0  1  1  0  1  0  0  0  0  0  0  0  0  0  0  0
[57]  0  0

[[74]]
 [1]  1  1  1  0  0  1 -1  0  0  0  0  0  0  1  0  1  0  0  1 -1  1  0  0  0  0  0  0  1  0  1  0  0  0  0  0  0  0  0  0  0

[[75]]
 [1]  1  1  1  1  0 -1  0  1  1 -1  1  1  0  0  0  1  1  1  0  0  0  1  1  0  1  1  1  0  1  1  1  1  0  0  0  1  1  1  0  0  0  1  1  1  1  1  0  1  1  0  0  0  1  1  1  0
[57]  0  0  1 -1  1  1  1  1  1  1  1  1  1  0

[[76]]
 [1]  1  1  1  0 -1  0  1  1 -1  0  1  1  0  0  0  1  1  1  0  0  0  1  1  0  1  1  1  0  1  1  0  1  1  1  0  0

[[77]]
 [1]  1  1  1  0 -1  1 -1  1  1  0  0  0  1  1  1  0  0  0  1  1  0  1  1  1  1  0  0  0  1  1  1  0  0  0  1  1  0  1  1  0  0  0  1  1  1  0  0  0  1

[[78]]
 [1]  1  1  0  0  1 -1  1  1  1 -1  1 -1  0  0  0  1 -1  1  0  0  1 -1  1  0  1  1 -1  1 -1  0  0  0  1 -1  1  0  0  0  0  0  0  0  0  0  0  0  0  0  0  0  1  0  1  0  0  0
[57]  1  0  0 -1  0  0  0  0  0  0  0  0  0  1 -1  1 -1  0  0  0

[[79]]
 [1]  1  1  0  1 -1  1  1  0  0  1 -1  1  0  1 -1  1  0  1  0  0  1 -1  1  0  0  0  0  0  0  0  0  0  0  0  0  0  0  0  1  0  0 -1  0  0  0  0  0  0  0  0  0  0  0

[[80]]
 [1]  1  1  0  1 -1  1  1  0  0  1 -1  1  0  1  0  0  1  0  0  1 -1  1  0  0  0  0  0  0  0  0  0  0  0  0  0  0  0  1  0  0 -1  0  0  0  0  0  0  0  0  0  0  0

[[81]]
 [1]  0  0  0 -1  1  1  1  0  1  1  1 -1  0  1  1  0  0  1  1  1  0  0  0  0  0  0  0  0  0  1  1  1  1 -1  0  1  1  0  1  1  1  0 -1  1  1  1  1  1  0  0 -1  1  1  1  1  1
[57]  1  1  1  1  1  0

[[82]]
 [1]  1  0  0  0  0 -1  1  0  1  0 -1  0 -1  0  1 -1 -1  1  1 -1  0 -1  0 -1  0  1 -1 -1  0 -1 -1  0  1  0 -1  1  0  1 -1 -1 -1  0 -1  0 -1  0 -1  0 -1  0 -1  0 -1  0 -1  0
[57] -1  0

[[83]]
 [1]  0  1  1  1 -1  1  0  0  0  0 -1  1  0  0  0  0  1  1  0  1  1  0  0  1  1  1 -1  1  0  1  1  0  0 -1  0 -1  0  0  0  0 -1  0 -1 -1  0  0  0  1  1  0  1  0  1  1  1 -1
[57]  1  0  1  1

[[84]]
 [1]  1  0  0  0  0 -1  0  1 -1 -1  0  0 -1  0  0  0  1  0  0  0 -1  0  0  0  1  0  0

[[85]]
 [1] -1  0 -1  0  1 -1  1  1  1  0  0  0  0  0  1 -1  1  1 -1  0 -1  0  1  0  0  0  0  0  1  0  1  1  1  0  1  0  0  0  0  0  0  0  0  0

[[86]]
 [1]  1  0  0  1  1 -1 -1 -1  0  0  0  0  0  0  0  0  1  1  0 -1  0  0  1  1  0 -1  0  0  0  0  0  1  1  1  0  0  0  0  0  1  1  1  0

[[87]]
 [1]  1  0  1 -1 -1  0  0 -1 -1  0 -1  0  1  1 -1  0  0 -1 -1  1  1 -1 -1  1  1 -1  1  0  1  0 -1  0  0 -1 -1  1  0  1  0 -1  1 -1  1 -1  0  0 -1 -1

[[88]]
 [1]  0  0  0  0  1  1  1  0  1  1  1  0  0  0 -1  0  1  1  1  1  1  1  0  1  1  1  1

[[89]]
 [1]  0  1  0  0  0  0  0 -1  0  0  1  1  1  0 -1 -1  0 -1  0  0 -1  0  0  0  1  0  1  1  1  0 -1 -1  0 -1  1  1  1  0  1  1  1  1  0 -1  0 -1  1

[[90]]
 [1] -1  1  0  0 -1  0  0 -1  1  0  0  1  1  0 -1

[[91]]
 [1]  0  0  1  0  0  0  1  1  1  1  1 -1  1 -1  1  0  0  0  0  0  1  0  0 -1  1 -1  1  1  1  1  1  0 -1  0 -1  1 -1  1  0  0  1 -1 -1 -1 -1  0  1  1  1  1  1  1

[[92]]
 [1]  0  0  0  0  0  1  0 -1  1  0  0  1  1  1  0 -1  1  1  1  1  0  1  1  1  0  0  0  0  0 -1 -1  0  1  1 -1  0  1  1  1  0  1  1  1  0  0  0  1  0 -1 -1  1  0  1  1  1  0
[57]  1  1  1  0  1  1  1  0  1  1  1  0  1  1  1  0  1  1  1  0

[[93]]
 [1]  0  0  0  0  1  0  1  1  1  0  0  0  1  1  0  0  0  1  1  1  0  0  1 -1 -1 -1  0  0 -1  0  1  0  1  1  0  1  1  1  1  1  0  1 -1  1 -1  0 -1  0  1  0  1  1  0  1  1  1
[57]  0  1  1  0  1  1  1

[[94]]
 [1]  1  0  0  0  0  1  0  0  0  1 -1  0  1  0 -1 -1  1  0  1  0  1  1

[[95]]
 [1]  1  1  1  1  0  0  0  1  0 -1  1  1  1 -1  0  1  1  0  0  0  1  0 -1  1  1  0  1  1  1  1  1  1  1  1

[[96]]
 [1]  0  0  0  0  0  1  1  1  0  0 -1  0  0  0  0  0  0  0  1  0  1  0  0  0  0  0  0  0  0  0  0  0  0  0  1 -1  0  0  0  0  0  0  0  1  0  1  0  1  1  0  0  0  0  0  0  0
[57]  0  0 -1  0  0  0 -1  0  0  0 -1  0  0  1 -1  0  0 -1  0  1 -1  0  0  0  0  0  0  0  1  0  1

[[97]]
  [1]  0  0  0  0  0  1  1  1  0  0 -1  0  0  0  0  0  0  0  1  0  1  0  0  0  0  0  0  0  0  0  0  0  0  1 -1  0  0  0  0  0  0  0  1  0  1  0  1  1  0  0  0  0  0  0  0  0
 [57]  0 -1  0  0  0 -1  0  0  0 -1  0  0  1 -1  0  0 -1  0  1 -1  0  0  0  0  0  0  0  1  0  1 -1  1  0  0  0  0  0  0  0  0  0  0  0  0  0  0  0  0  0  0  0  0  0  0  1  1
[113]  0 -1  0 -1  0 -1  0 -1 -1  0  0  0  0  0  1  0  1  0  1  0  1  0  0  0  0  0  0  0  0  0  0  0  1  0  1  0

[[98]]
 [1]  0  0  0  0  0  1  1  1  0  0 -1  0  0  0  0  0  0  0  1  0  1  0  0  0  0  0  0  0  0  0  0  0  0  1 -1  0  0  0  0  0  0  0  1  0  1  0  1  1  0  0  0  0  0  0  0  0
[57]  0 -1  0  0  0 -1  0  0  0 -1  0  0  1 -1  0  0 -1  0  1 -1  0  0  0  0  0  0  0  1  0  1

[[99]]
 [1]  0  1 -1  1 -1  0  0  1  0  1  1  1  0  0  0  1  0  1  1  1  1  1  1  1  0  0  0  1  1  1  0  0  0  1  1  1  0  0  0  1  1  1  0  1  0  1  1  1 -1

[[100]]
 [1] -1 -1 -1 -1 -1  0  1  0  1 -1  1  1  0  1  0 -1 -1 -1 -1 -1 -1  1  1  0  1  0 -1  0  1  1  1  1  1  1  0 -1 -1  0 -1 -1 -1  1  1 -1 -1  1  1  1  0 -1  0 -1 -1

[[101]]
 [1] -1 -1 -1 -1 -1 -1 -1 -1 -1 -1 -1 -1 -1  1  1  1  1  1  1  0 -1  0  1  0  0  0 -1  1  0  0 -1 -1 -1 -1 -1 -1 -1  0  0 -1  0  1  0  0 -1 -1  0 -1  1  0  0  0 -1  0 -1 -1
[57] -1  0 -1 -1  1 -1 -1 -1  0  1  0  0 -1  0 -1  0 -1  0  0  0 -1  0  0  0  0  0  0 -1

[[102]]
 [1]  0  0  0  0  0  0 -1  0  0  1  0  1  1  0  0  1  1 -1  1  1  1  1  1  1  1  1  1  1  0  0  0  0 -1  0  0  1  1 -1  0  1  0

[[103]]
 [1]  0  0  1  0  1  1  0  0  0  0  0  0 -1  0  0  0  0  1  0  0  0  1 -1  1  1  1  1  1  1  1 -1  0  0 -1  0  0  0  0  0  1  0  1  0  1 -1  0  1 -1  1  0  0  0  1 -1  0  0
[57] -1  0  0  0  0

[[104]]
 [1] 0 1 0 1 1 0 0 0 1 0 1 1 0 0 1 1 0 0 0 1 0 0 0 1 1 1 1 1 0 1 1 0 1 1 0

[[105]]
 [1] 0 1 0 1 1 0 0 0 1 0 1 1 0 0 1 1 0 0 0 1 0 0 0 0 1 1 1 1 1 0 1 1 0 1 1 0

[[106]]
 [1]  1  1 -1  0  0 -1  1 -1 -1  0  0  0 -1  0 -1  1 -1  1  0  0  0  0  0  0  0  0 -1  1  1 -1  0 -1  1 -1  1  0  0  1  1  0  0  0 -1  1  0  0 -1  0  0  0 -1  0

[[107]]
 [1]  0  0  1  1  1 -1  1  0 -1  0  0  0  0  1  0  0  0  1  0  0  0  0  1 -1  0 -1 -1  0  0  0 -1  0  0  0  0  1  0  0  0  1  0  0  0  0  0  0  0  0  0  0  0  0  1  0  0  0
[57]  1  0  0  0  0  0  0  0  0

[[108]]
  [1] -1 -1 -1 -1 -1 -1  0  0  0  0  0  0  0 -1  0  0  0  0  0  0  0 -1  0  0  1 -1  0 -1  0 -1  0  0 -1  1  0  0  0  0  0  0  0 -1  0  0  0  0  0  0  0 -1 -1 -1 -1 -1 -1 -1
 [57]  0  0  1  0  1  0  0  0  0  0  0  0  0  0  0  0 -1  0  0  0  0  0  0  0 -1  0  1 -1  0  1  0  0  0  0  0  0  0  0  0  0 -1  0  0  0  0  0  0  0 -1

[[109]]
  [1] -1 -1 -1  0 -1 -1  0  0  0  0  0  0  0 -1  0  0  0  0  0  0  0 -1  0  0  1 -1  0 -1 -1 -1  0  0 -1  1  0  0  0  0  0  0  0 -1  0  0  0  0  0  0  0 -1 -1 -1 -1  0 -1 -1
 [57]  0  0  1 -1  0  0  1 -1  0  0  0  0  0  0  0  0  0  0 -1  0  0  0  0  0  0  0 -1  0  1 -1  1  0  0  0  0  0  0  0  0  0  0 -1  0  0  0  0  0  0  0 -1

[[110]]
 [1] -1 -1 -1 -1 -1 -1  0  0  0 -1  0  0  0 -1  0  0 -1 -1  0  0 -1  1  0  0  0 -1  0  0  0 -1 -1 -1 -1 -1 -1 -1  0  0  1  0  1 -1  0  0  0  0  0  0 -1  0  0  0 -1  0  1 -1
[57]  1  0  0  0  0  0  0 -1  0  0  0 -1

[[111]]
 [1]  0  0  1  0  1  1  1  1 -1  0  0  1  1  0  1  0  0  1  0  0  0  1  1  0  1  0  0  0  1  0  0  0

[[112]]
 [1]  0  0  1  0  0  0  0  0  0  0  0  0  1  0  1  1  1 -1  1  1  1  0  0  0  1  1  0  1  0  1  0  0  0  0  0  0  0  0  0  0  0  0  1  1  0  0  0  0  1  1  0  0  0  0  1  0
[57]  0  0  0  0  0  0  0  0  0  1  0  1  1  0  0  0  1  0  0  1  0  0  0  0  0  0  0  0  0

[[113]]
 [1]  0  0  1  0  0  0  0  0  0  0  0  0  1  0  1  1  0 -1  1  1  1  0  0  0  1  1  0  1  0  0  1  0  0  0  0  0  0  0  0  0  0  1  0  0  1 -1  1  0  0  0  1  1  0 -1  1  0
[57]  1  1  0  0  0  0  0  0  0  0  0  0  0  0  0  1  0  1  0  1  0  1  0  1  1  0  0  0  1  0  0  1  0  0  0  0  0  0  0  0  0  0  0

[[114]]
 [1] -1 -1 -1  1  1  0  0  0  0  1 -1  0  0  0  1 -1  0  0  1  0  1  0  1  1  0  0  0  0  0

[[115]]
 [1] -1 -1 -1  1  1  0  0  0  0  1 -1  0  0  0  1 -1  0  0  1  0  1  0  1  1  0  0  0  0  0

[[116]]
 [1]  0 -1  0  0  0  0  0  1  1  0 -1  1  0  1  1  1  0  0  0  0  0 -1  1  0  1  1  0  1 -1  0  0  1  0  0  0  0  0  0  0  0  0  0 -1  1  0  1  1  0  1  1

[[117]]
 [1]  0  0  0  0  1 -1 -1  0  0  0 -1  0 -1  1 -1  1  0  0  0  0 -1  1  1 -1  0 -1  1 -1  1  0  0  0  0  1  1  0  0  0 -1  1  0  0 -1  0  0  0 -1  0  0  0  0

[[118]]
 [1] -1  0 -1  0  0  1  1  1  1  1 -1  0  1  0  1  1  1  0  1  1  1  0  0  0  0  0  1  1  1  0  0  0  0

[[119]]
 [1] -1 -1 -1 -1 -1 -1  0  0  0 -1  0  0  0  0  0  0  0 -1 -1 -1  0 -1 -1 -1 -1 -1 -1 -1 -1  0 -1  0 -1  0  0 -1  0  0  0  0  0  0 -1 -1 -1 -1 -1 -1 -1  0 -1 -1  1  0  1  0
[57] -1  1 -1  0  1  1  0  0 -1  0  1

[[120]]
  [1]  1  1  1  1  1  1  1  1  1  1  1  1  1  1  1  1 -1 -1 -1  1 -1  1  0  1  1  0  0  1  1  0  1  1  1  1  1  1  1  1  1  1  1  1  1  1  1  1  1  1  1  1  1  0  0  1  1  1
 [57]  1  0 -1  0  1  0  1  1  1  1  1  1  1  1  1  1  1  1  1  1  1  1  1  0  0  0  1  1 -1  0  1  1  0  0  0  0  0  0  1  1  0  0  1  0  1  1  1  1  1  1  1  1  1  1  1  1
[113]  1  1  1  1  1  1

[[121]]
 [1] 0 0 0 1 1 0 0 1 1 0 1 1 1 1 1 1 1

[[122]]
 [1]  1  0  1  1  1  1  0  0  0  1  0  0 -1 -1 -1  1  1  1  1  1 -1 -1 -1 -1  0  0  1  0  1  0 -1 -1  0  0 -1 -1 -1 -1 -1  1  0  0  0  0  1  0 -1  0 -1 -1 -1 -1 -1 -1  1  0
[57]  0  0 -1 -1  0  0  0  0  0  0

[[123]]
 [1]  0  1  0  0  0  1  0 -1  0  1  1  0  0  1  0  0  0  0  0  0  0  1  1 -1  1 -1  0  0  0  0  0  0  0  0  0  1  1  1  0 -1  0  0  0  0  0  0  0  0  1  1 -1  1 -1  0  0  0
[57]  0  0  0  0 -1  0  0 -1  0  0  0  0  0  1  1 -1  1 -1  0  0  0  0  0  0  0  0  0  1  0  0  0  1  0

[[124]]
 [1]  0  0  0  0  0  1  0  1  0  0  0 -1  1 -1  0  0  0  0  0  0  0  0  0  0  1  0 -1  0  0  0 -1  1 -1  0  0  0  0  0  0  0  0  0  0  1  0  1  1  0  0  0  0  0  0  0  0  0
[57]  0  0  0  0  0  0  0  0  0  0  0  0  0  0  0  0

[[125]]
 [1]  0  0  0  0  0  1  0  1  0  0  0 -1  1 -1  0  0  0  0  0  0  0  0  0  0  1  0 -1  0  0  0 -1  1 -1  0  0  0  0  0  0  0  0  0  0  1  0  1  1  0  0  0  0  0  0  0  0  0
[57]  0  0  0  0  0  0  0  0  0  0  0  0  0  0  0  0

[[126]]
 [1]  0  0  0  0  0  1  0  1 -1  0 -1  1  0  0  0  0  0  0  0  0  0  1  0 -1  0  0 -1  1  0  0  0  0  0  1  0  0  0  1  0  1  0  0  0  0  0  0

[[127]]
 [1]  0  0  0  0  0  1  0  1 -1  0 -1  1 -1  0  0  0  0  0  0  0  0  1  0 -1  0  0 -1  1 -1  0  0  0  0  1  0  0  0  1  0  1  0  0  0  0  0  0

[[128]]
 [1]  0  0  1  0  0  0  0  1  0 -1  0  0  0  0  0  0  0  1  0 -1  0  0  1  0  1  0 -1  0  0

[[129]]
 [1]  0  0  0 -1  0 -1  0  0  0  0  0  0  0  0  0  0  0  0  0  0  0  0  0 -1  0  0  0  0  0  0  0  0  0  0  0  0

[[130]]
 [1]  0  0  0  0  1  0 -1 -1  0  1  1  1  0  0  1  1  1 -1  0 -1  0 -1  0 -1  0 -1  0  0  0  0  1  0 -1 -1 -1  0 -1 -1 -1  0  0  1  1  1  0  0  1  1  1 -1  0 -1  0 -1  0 -1
[57]  0 -1  0 -1  0 -1  0 -1  0 -1  0  0

[[131]]
 [1]  0  1  1  0  0  1  1  0  0  0  1  1  0  0  1 -1  0  0  0  0  0  0  0  0  0 -1  0 -1  0  0  0  0  0  0 -1  0  0 -1  0  0  1  1  1 -1  0 -1  0  1  0  0  0  0  1  0 -1  0
[57]  0  1  1 -1  0  0 -1  0  0 -1  1  0  0  1  0  1  0  0  1  1 -1  0  0 -1  0  1 -1  1  1

[[132]]
 [1]  1  0  1  0  1  0  1  1  1 -1  0  1  0  1  1  1 -1  1  1  0  1  1  0 -1  0  1  0  1  0  1  1  1 -1  1  1  0  1  1  0  0  1  0  0  1  1  0  1  1  0  1  1  1  0  1  1  0
[57]  1  1  0  1  1  0  1  0  1  0

[[133]]
 [1]  0  0  0  0  0  0  0  0  0  0  0  1  1  0  0  1  1  0  0  0  0 -1  0  0  0  1  1  0  0 -1  0 -1 -1  0  0  0  0  0  0  0  0  1

[[134]]
 [1] 0 1 0 0 1 1 0 1 1 1 1 0 1 1 1 1 0 1 1 1 0 0 0 0

[[135]]
 [1] -1  0 -1  0  0  0  1  0  1  0 -1  0 -1 -1  0  0 -1  0  0  0  0  0  0  0  0  0  0  0  0  0  0  0  1 -1  0  0  0  0  0  0  0  1  0 -1  0 -1 -1  0  0 -1  0  0  0  0  0  0
[57]  0  0  0  0  0  0  0  0  0  0  1 -1  0  0  0

[[136]]
 [1]  0 -1  1  1  1  1  0  1  1  1  0  0 -1  0  1  1  1  1  1  0  1  1  0  1  1  1  0  1  1  1  0  0  1  1  1  0  0  0  1  1  1  1  1  0  1  1  0  1  1  1  1  1  1  1 -1  0
[57]  0  1  0 -1  1  0  1  0  0  0  0  1  1  1  0  1  1  1  0  1  1  1  0  1  1  1  0  1  1  1  0  0  1  1  1  1

[[137]]
 [1]  0 -1  1  1  1  1  0  1  1  1  0  0 -1  0  1  1  1  1  1  0  1  1  0  1  1  1  0  1  1  1  0  0  1  1  1  0  0  0  1  1  1  1  1  0  1  1  0  1  1  1  1  1  1  1 -1  0
[57]  0  1  0 -1  1  0  1  0  0  0  0  1  1  1  0  1  1  1  0  1  1  1  0  1  1  1  0  1  1  1  0  0  0  1  1  1  1

[[138]]
 [1]  0  0  1  0  1  0  0  0  1 -1  1 -1 -1  1  1  1  1  0  0  1  1  0  0  1  0  0  1  1  0  1  1  1 -1  1  1  1  1  0  0  0  0  0  0  0  0  0  1 -1  1  0  1 -1 -1  0  0  1
[57]  0  0  0 -1  0 -1 -1  1  1 -1  0 -1  0  1 -1  0  0  1  1  1  1  1  1  0  0  1  1  0  0

[[139]]
 [1]  0  0  1  0  1  0  0  0  1 -1  1 -1 -1  1  1  1  1  0  0  1  1  0  0  1  0  0  1  1  0  1  1  1 -1  1  1  1  1  0  0  0  0  0  0  0  0  0  1 -1  1  0  1 -1 -1  0  0  1
[57]  0  0  0 -1  0 -1 -1  1  1 -1  0 -1  0  1 -1  0  0  1  1  1  1  1  1  0  0  1  1  0  0

[[140]]
 [1]  0  1  0  0  0  0  1  0  1 -1 -1  1  1  0  1  1  0  0  0  1  1  0  0  1  0  0  1  1  0  1  1  0  1  1  0  0  0  1  1  0  0  1  0  0  0  0  0  0  0  0  1 -1  1  0  1  1
[57] -1  0 -1  0  0  0  1  0  0  0  0 -1  0  0  0 -1  0 -1  0  0  1 -1  0 -1  0  1  1  0  0  0  1  1  0  0  0

[[141]]
 [1]  0  1  0  0  0  0  1  0  1 -1 -1  1  1  0  1  1  0  0  0  1  1  0  0  1  0  0  1  1  0  1  1  0  1  1  0  0  0  1  1  0  0  1  0  0  0  0  0  0  0  0  1 -1  1  0  1  1
[57] -1 -1  0  0  0  1 -1  0  0  0 -1  0  0  0 -1  0 -1  1  0  1 -1  0 -1  0  1  1  0  0  0  1  1  0  0  0

[[142]]
 [1]  0 -1 -1 -1  0  0  1 -1  0  0 -1  0  0 -1  0  0  0  0  1  0  0  0  0  0 -1  0  0  0  0 -1  0  0 -1  0  0  0  0 -1 -1  0  1  0 -1  0  1  0  0  0 -1  0  0 -1  0  0  0  0
[57]  0  0  0  0

[[143]]
 [1]  0  1 -1  0 -1 -1  0  1  0  0  1  1 -1  0  1  1  1  1  0  1 -1  0  1  0  0  1  1 -1  0  1  0  0  0  1  1  1  1  0  1  0  0  1  1 -1  1  0  1  0  0  1  1 -1  0

[[144]]
 [1]  1  1  1  0 -1  1 -1  0 -1  0 -1  0  0 -1  0  1  1  1 -1  0 -1 -1  0 -1  1  0  1  1  0  0 -1 -1  0  1  0 -1  0  1  1  1 -1  0 -1  1  1 -1  0  0  0 -1  0  1  1  1 -1  0
[57] -1 -1

[[145]]
 [1]  1  1  1  0 -1  1 -1  0 -1  0 -1  0  0 -1  0  1  1  1 -1  0 -1 -1  0 -1  1  0  1  1  0  0 -1 -1  0  1  0 -1  0  1  1  1 -1  0 -1  1  1 -1  0  0  0 -1  0  1  1  1 -1  0
[57] -1 -1 -1 -1

[[146]]
 [1]  1  1  1  0 -1  0  0 -1  0  0 -1  0  1  1  1 -1  0 -1 -1  0  0  1  1  0 -1  0  1  0 -1  0  1  1  1 -1  0 -1  1  1 -1  0  0  0 -1  0  1  1  1 -1  0 -1 -1 -1 -1

[[147]]
 [1]  0  0  0  0  0  0  1  1  0  0  1  0 -1 -1 -1  0  0  0  0  0  0  0  1  0  0  1  0  1  1 -1 -1 -1  0  0  0  0  0  0  0  0  0  0  0  0  0  0  0  0  0  0

[[148]]
 [1] -1 -1  1  0 -1  0  0  0  0  0  0  0  0  0  0  0 -1  1  0  0  0  0  0

[[149]]
 [1] -1  0  0  0  1  0  1  0  0  1  0  0  0  1  0 -1  0  0  0  1  0  0  0 -1 -1  0  0  0  1  0  1  0  0  1  0  0  1  1  0  1  0  0  1  0  0  0  0 -1 -1  0  0  0  1  0  1  0
[57]  0  1  0  0  0  0  1  0  0  0  0  0  0  0 -1  0  0  0  0  0  1  0  0  1  0  0  0  0

[[150]]
 [1] -1  0  0  0  0  1  1  0  0  0  0  1  0  0  0  0  1 -1  0  0  0  0 -1 -1  0  0  0  0  1  1  0  0  0  0  1  0  0  0  0  0  1  0  1  0  0  0 -1 -1  0  0  0  0  1  1  0  0
[57]  0  0  0  1  0  0  0  0  0  1  0  0  0  0  0  0  0  0  0  1 -1  0  0  0  0  0  0  0  1  0  0  0  0

[[151]]
 [1]  0  0 -1 -1  0  0 -1  0  0  0  1  1  0  1  1  0  1 -1  0  0  0  0  0  0  0  1  0  1  1 -1  0  0 -1 -1  0  0 -1  0  0  0  1  1  1  1 -1 -1  0  0  0  0  0  0  1  0  1  1
[57] -1  0  0 -1 -1  0  0 -1  0  0  0  1  0  0  0  0  0  1  0  0  0  0 -1 -1  0  0 -1  0  0  0  1

[[152]]
 [1] -1  0 -1  0  1  1  0  0  1  0  1  0  0  0  0  0  1 -1  0  0  0  1  1  0  0  0  0  1  0 -1 -1  0 -1 -1 -1  1  1  1  0  0 -1  0  0  0  0 -1  1  0  1  1  1  1  0  1  0  0
[57]  0  0  1 -1  0 -1  0

